* Measurement data measured by REW V5.31.3
* Source: Headset (DS by VECLAN.COM), MICROPHONE (Master Volume), L, volume: 0.720. Timing signal peak level -25.4 dBFS, measurement signal peak level -14.4 dBFS
* Format: 2M Log Swept Sine, 1 sweep at -30.6 dBFS using an acoustic timing reference
* Dated: Mar 6, 2025 8:29:10 PM
* REW Settings:
*  C-weighting compensation: Off
*  Target level: 85.0 dB
* Note: ; Fosi DS1 & Abigail Pro Delay -0.0655 ms (-22 mm, -0.88 in) using estimated IR delay relative to Acoustic reference played from SPEAKER L with no timing offset Clock adjustment: -26.3 ppm
* Measurement: Balanced 10 Ohm L
* Smoothing: 1/24 octave
* Frequency Step: 1/48 octave
* Start Frequency: 1.000 Hz
*
* Freq(Hz), SPL(dB), Phase(degrees)
1.000000, 73.625, 143.5551
1.015000, 73.993, 142.8939
1.030000, 74.354, 142.2284
1.044000, 74.684, 141.6021
1.060000, 75.053, 140.8793
1.075000, 75.390, 140.1943
1.090000, 75.717, 139.5045
1.106000, 76.057, 138.7801
1.120000, 76.350, 138.1838
1.138000, 76.720, 137.4828
1.150000, 76.964, 137.0535
1.172000, 77.404, 136.3301
1.180000, 77.561, 136.0816
1.206000, 78.064, 135.3322
1.220000, 78.330, 134.9595
1.241000, 78.719, 134.4320
1.250000, 78.884, 134.2156
1.265000, 79.153, 133.8651
1.280000, 79.417, 133.5250
1.315000, 80.013, 132.7584
1.320000, 80.096, 132.6509
1.340000, 80.420, 132.2227
1.360000, 80.734, 131.7967
1.380000, 81.037, 131.3312
1.400000, 81.330, 130.8467
1.430000, 81.747, 130.1071
1.450000, 82.011, 129.6046
1.475000, 82.321, 128.9818
1.500000, 82.606, 128.4066
1.525000, 82.866, 127.8915
1.550000, 83.102, 127.4273
1.575000, 83.318, 126.9862
1.600000, 83.517, 126.5452
1.625000, 83.701, 126.1263
1.650000, 83.873, 125.7222
1.675000, 84.036, 125.3264
1.700000, 84.194, 124.9333
1.725000, 84.349, 124.5382
1.750000, 84.503, 124.1371
1.775000, 84.660, 123.7126
1.800000, 84.822, 123.2489
1.825000, 84.992, 122.7753
1.850000, 85.166, 122.3055
1.875000, 85.340, 121.8591
1.900000, 85.513, 121.4397
1.925000, 85.682, 121.0438
1.950000, 85.850, 120.6674
1.975000, 86.016, 120.2952
2.000000, 86.179, 119.9130
2.030000, 86.373, 119.4653
2.060000, 86.563, 119.0229
2.090000, 86.751, 118.5809
2.120000, 86.937, 118.1346
2.140000, 87.059, 117.8328
2.180000, 87.301, 117.1960
2.200000, 87.420, 116.8545
2.240000, 87.655, 116.1840
2.270000, 87.828, 115.7022
2.300000, 87.999, 115.2380
2.330000, 88.166, 114.7886
2.360000, 88.331, 114.3506
2.400000, 88.548, 113.7419
2.430000, 88.707, 113.2861
2.470000, 88.917, 112.6815
2.500000, 89.071, 112.2267
2.540000, 89.274, 111.6150
2.580000, 89.474, 110.9838
2.620000, 89.670, 110.3312
2.650000, 89.814, 109.8528
2.690000, 90.003, 109.2294
2.720000, 90.142, 108.7716
2.760000, 90.324, 108.1740
2.800000, 90.503, 107.5502
2.850000, 90.721, 106.7747
2.900000, 90.934, 106.0045
2.950000, 91.142, 105.2360
3.000000, 91.344, 104.4472
3.040000, 91.502, 103.8155
3.070000, 91.618, 103.3485
3.110000, 91.770, 102.7355
3.150000, 91.918, 102.1335
3.200000, 92.099, 101.3665
3.250000, 92.275, 100.6000
3.300000, 92.447, 99.8446
3.350000, 92.614, 99.0970
3.400000, 92.776, 98.3315
3.450000, 92.933, 97.5673
3.500000, 93.086, 96.8188
3.550000, 93.234, 96.0894
3.600000, 93.379, 95.3533
3.650000, 93.520, 94.6245
3.700000, 93.657, 93.9082
3.750000, 93.790, 93.1990
3.820000, 93.970, 92.1942
3.870000, 94.094, 91.4875
3.950000, 94.285, 90.3965
4.000000, 94.401, 89.7179
4.060000, 94.536, 88.9143
4.120000, 94.666, 88.1255
4.180000, 94.791, 87.3451
4.250000, 94.932, 86.4313
4.310000, 95.049, 85.6768
4.370000, 95.163, 84.9474
4.440000, 95.291, 84.0989
4.500000, 95.398, 83.3884
4.550000, 95.484, 82.8091
4.620000, 95.600, 81.9971
4.680000, 95.698, 81.3202
4.750000, 95.809, 80.5624
4.820000, 95.917, 79.8122
4.870000, 95.993, 79.2858
4.940000, 96.095, 78.5684
5.000000, 96.181, 77.9580
5.080000, 96.294, 77.1612
5.150000, 96.390, 76.4919
5.220000, 96.485, 75.8246
5.300000, 96.591, 75.0778
5.380000, 96.695, 74.3524
5.450000, 96.783, 73.7168
5.520000, 96.870, 73.1016
5.600000, 96.967, 72.4077
5.700000, 97.085, 71.5493
5.800000, 97.201, 70.7124
5.900000, 97.314, 69.8839
6.000000, 97.425, 69.0720
6.080000, 97.512, 68.4257
6.150000, 97.586, 67.8748
6.220000, 97.659, 67.3181
6.300000, 97.740, 66.6897
6.400000, 97.839, 65.9124
6.500000, 97.935, 65.1389
6.600000, 98.028, 64.3798
6.700000, 98.118, 63.6191
6.800000, 98.206, 62.8697
6.900000, 98.290, 62.1263
7.000000, 98.371, 61.4016
7.100000, 98.447, 60.6825
7.200000, 98.520, 59.9784
7.300000, 98.591, 59.2855
7.400000, 98.660, 58.6127
7.500000, 98.727, 57.9501
7.620000, 98.805, 57.1755
7.750000, 98.886, 56.3626
7.880000, 98.963, 55.5646
8.000000, 99.033, 54.8517
8.120000, 99.101, 54.1522
8.250000, 99.173, 53.4112
8.380000, 99.244, 52.6898
8.500000, 99.307, 52.0344
8.620000, 99.369, 51.3926
8.750000, 99.435, 50.7104
8.850000, 99.485, 50.1916
9.000000, 99.558, 49.4293
9.120000, 99.615, 48.8258
9.250000, 99.676, 48.1790
9.380000, 99.735, 47.5430
9.500000, 99.789, 46.9559
9.620000, 99.841, 46.3784
9.750000, 99.894, 45.7589
9.880000, 99.938, 45.1499
10.000000, 99.969, 44.6041
10.150000, 99.995, 43.9069
10.300000, 100.013, 43.2379
10.440000, 100.022, 42.6384
10.600000, 100.030, 41.9818
10.750000, 100.038, 41.3937
10.900000, 100.046, 40.8302
11.060000, 100.057, 40.2231
11.200000, 100.068, 39.6663
11.380000, 100.082, 38.9758
11.500000, 100.091, 38.5303
11.720000, 100.105, 37.7413
11.800000, 100.112, 37.4626
12.060000, 100.135, 36.5642
12.200000, 100.151, 36.0600
12.410000, 100.177, 35.3246
12.500000, 100.187, 35.0170
12.650000, 100.202, 34.5145
12.800000, 100.217, 34.0249
13.150000, 100.248, 32.8851
13.200000, 100.253, 32.7191
13.400000, 100.271, 32.0706
13.600000, 100.290, 31.4476
13.800000, 100.309, 30.8499
14.000000, 100.327, 30.2719
14.300000, 100.355, 29.3776
14.500000, 100.372, 28.8038
14.750000, 100.393, 28.1112
15.000000, 100.415, 27.4402
15.250000, 100.442, 26.7393
15.500000, 100.469, 26.0569
15.750000, 100.494, 25.3966
16.000000, 100.516, 24.7590
16.250000, 100.537, 24.1013
16.500000, 100.557, 23.4689
16.750000, 100.577, 22.8628
17.000000, 100.598, 22.2762
17.250000, 100.621, 21.6751
17.500000, 100.644, 21.0856
17.750000, 100.666, 20.5079
18.000000, 100.688, 19.9362
18.250000, 100.708, 19.3419
18.500000, 100.726, 18.7546
18.750000, 100.743, 18.1807
19.000000, 100.758, 17.6223
19.250000, 100.772, 17.0537
19.500000, 100.785, 16.5061
19.750000, 100.797, 15.9813
20.000000, 100.808, 15.4794
20.299999, 100.821, 14.8717
20.600000, 100.835, 14.2900
20.900000, 100.850, 13.7271
21.200001, 100.865, 13.1550
21.400000, 100.874, 12.7694
21.799999, 100.891, 12.0002
22.000000, 100.898, 11.6159
22.400000, 100.908, 10.8308
22.700001, 100.911, 10.2630
23.000000, 100.912, 9.7210
23.299999, 100.911, 9.1942
23.600000, 100.912, 8.6937
24.000000, 100.916, 8.0547
24.299999, 100.923, 7.5662
24.700001, 100.933, 6.9109
25.000000, 100.940, 6.4149
25.400000, 100.947, 5.7343
25.799999, 100.949, 5.0675
26.200001, 100.947, 4.4147
26.500000, 100.945, 3.9377
26.900000, 100.942, 3.3337
27.200001, 100.941, 2.8936
27.600000, 100.941, 2.3188
28.000000, 100.942, 1.7526
28.500000, 100.945, 1.0197
29.000000, 100.945, 0.2908
29.500000, 100.941, -0.4230
30.000000, 100.932, -1.1096
30.400000, 100.924, -1.6572
30.700001, 100.917, -2.0567
31.100000, 100.908, -2.5782
31.500000, 100.899, -3.0956
32.000000, 100.887, -3.7318
32.500000, 100.874, -4.3708
33.000000, 100.857, -5.0008
33.500000, 100.838, -5.6304
34.000000, 100.819, -6.2270
34.500000, 100.805, -6.7982
35.000000, 100.793, -7.3716
35.500000, 100.779, -7.9691
36.000000, 100.761, -8.5624
36.500000, 100.740, -9.1324
37.000000, 100.719, -9.6709
37.500000, 100.700, -10.2080
38.200001, 100.672, -10.9603
38.700001, 100.649, -11.4879
39.500000, 100.612, -12.2808
40.000000, 100.591, -12.7507
40.599998, 100.568, -13.3330
41.200001, 100.544, -13.9171
41.799999, 100.520, -14.5000
42.500000, 100.489, -15.1705
43.099998, 100.463, -15.7334
43.700001, 100.438, -16.2825
44.400002, 100.406, -16.9251
45.000000, 100.376, -17.4509
45.500000, 100.352, -17.8558
46.200001, 100.324, -18.4333
46.799999, 100.298, -18.9667
47.500000, 100.261, -19.5635
48.200001, 100.225, -20.1112
48.700001, 100.203, -20.5009
49.400002, 100.172, -21.0787
50.000000, 100.141, -21.5831
50.799999, 100.095, -22.2156
51.500000, 100.057, -22.7539
52.200001, 100.021, -23.2971
53.000000, 99.977, -23.8837
53.799999, 99.933, -24.4528
54.500000, 99.896, -24.9339
55.200001, 99.858, -25.4097
56.000000, 99.811, -25.9097
57.000000, 99.760, -26.4796
58.000000, 99.702, -27.0873
59.000000, 99.649, -27.5695
60.000000, 99.615, -28.1718
60.799999, 99.568, -28.8327
61.500000, 99.510, -29.3284
62.200001, 99.454, -29.7401
63.000000, 99.400, -30.2013
64.000000, 99.340, -30.7422
65.000000, 99.286, -31.3876
66.000000, 99.230, -32.0200
67.000000, 99.177, -32.5440
68.000000, 99.130, -33.0643
69.000000, 99.087, -33.5584
70.000000, 99.041, -34.0808
71.000000, 98.979, -34.5952
72.000000, 98.913, -35.0085
73.000000, 98.857, -35.3777
74.000000, 98.805, -35.8456
75.000000, 98.743, -36.3876
76.199997, 98.660, -36.9717
77.500000, 98.581, -37.5632
78.800003, 98.503, -38.1399
80.000000, 98.435, -38.6661
81.199997, 98.369, -39.1938
82.500000, 98.294, -39.7501
83.800003, 98.219, -40.2414
85.000000, 98.153, -40.6868
86.199997, 98.087, -41.1441
87.500000, 98.020, -41.5865
88.500000, 97.971, -41.9486
90.000000, 97.896, -42.5471
91.199997, 97.827, -43.0420
92.500000, 97.752, -43.4484
93.800003, 97.681, -43.8383
95.000000, 97.615, -44.2295
96.199997, 97.549, -44.5942
97.500000, 97.478, -44.9668
98.800003, 97.410, -45.3672
100.000000, 97.347, -45.7692
101.500000, 97.263, -46.2803
103.000000, 97.178, -46.7015
104.400002, 97.102, -47.0641
106.000000, 97.015, -47.4752
107.500000, 96.937, -47.8582
109.000000, 96.861, -48.2681
110.599998, 96.779, -48.7583
112.000000, 96.705, -49.1360
113.800003, 96.613, -49.5182
115.000000, 96.556, -49.8008
117.199997, 96.452, -50.4358
118.000000, 96.414, -50.6962
120.599998, 96.265, -51.3858
122.000000, 96.207, -51.5603
124.099998, 96.134, -51.9519
125.000000, 96.098, -52.1471
126.500000, 96.029, -52.4322
128.000000, 95.954, -52.7726
131.500000, 95.788, -53.4603
132.000000, 95.768, -53.5496
134.000000, 95.684, -53.9335
136.000000, 95.592, -54.3118
138.000000, 95.499, -54.6298
140.000000, 95.418, -54.9444
143.000000, 95.305, -55.4788
145.000000, 95.232, -55.8815
147.500000, 95.132, -56.3555
150.000000, 95.033, -56.6639
152.500000, 94.941, -56.9877
155.000000, 94.847, -57.3652
157.500000, 94.760, -57.7040
160.000000, 94.661, -58.0297
162.500000, 94.551, -58.2535
165.000000, 94.461, -58.5877
167.500000, 94.373, -59.0754
170.000000, 94.283, -59.4703
172.500000, 94.195, -59.8343
175.000000, 94.101, -60.2198
177.500000, 94.001, -60.5214
180.000000, 93.895, -60.8226
182.500000, 93.792, -61.0216
185.000000, 93.707, -61.2675
187.500000, 93.627, -61.5339
190.000000, 93.538, -61.8444
192.500000, 93.437, -62.1331
195.000000, 93.335, -62.2966
197.500000, 93.241, -62.4306
200.000000, 93.154, -62.5491
203.000000, 93.053, -62.6482
206.000000, 92.957, -62.6330
209.000000, 92.886, -62.5587
212.000000, 92.849, -62.5903
214.000000, 92.834, -62.7412
218.000000, 92.785, -63.3516
220.000000, 92.744, -63.7343
224.000000, 92.632, -64.3610
227.000000, 92.541, -64.7161
230.000000, 92.450, -65.0197
233.000000, 92.362, -65.2988
236.000000, 92.275, -65.5654
240.000000, 92.165, -65.9061
243.000000, 92.078, -66.1377
247.000000, 91.966, -66.4138
250.000000, 91.886, -66.6086
254.000000, 91.784, -66.8481
258.000000, 91.684, -67.0875
262.000000, 91.582, -67.3636
265.000000, 91.507, -67.5522
269.000000, 91.415, -67.7710
272.000000, 91.347, -67.9305
276.000000, 91.258, -68.1443
280.000000, 91.174, -68.3344
285.000000, 91.071, -68.5726
290.000000, 90.969, -68.8255
295.000000, 90.872, -69.0527
300.000000, 90.777, -69.2457
304.000000, 90.696, -69.4470
307.000000, 90.636, -69.5745
311.000000, 90.561, -69.7382
315.000000, 90.487, -69.9082
320.000000, 90.397, -70.1155
325.000000, 90.309, -70.2858
330.000000, 90.224, -70.4618
335.000000, 90.140, -70.6256
340.000000, 90.056, -70.7960
345.000000, 89.973, -70.9504
350.000000, 89.891, -71.1100
355.000000, 89.809, -71.2736
360.000000, 89.729, -71.4136
365.000000, 89.651, -71.5371
370.000000, 89.574, -71.6746
375.000000, 89.499, -71.8096
382.000000, 89.396, -71.9704
387.000000, 89.321, -72.0723
395.000000, 89.205, -72.2396
400.000000, 89.136, -72.3370
406.000000, 89.055, -72.4551
412.000000, 88.974, -72.5586
418.000000, 88.897, -72.6366
425.000000, 88.807, -72.7444
431.000000, 88.732, -72.8268
437.000000, 88.661, -72.9192
444.000000, 88.582, -73.0109
450.000000, 88.516, -73.0795
455.000000, 88.459, -73.1176
462.000000, 88.382, -73.1804
468.000000, 88.317, -73.2485
475.000000, 88.240, -73.2942
482.000000, 88.167, -73.3206
487.000000, 88.119, -73.3460
494.000000, 88.055, -73.3691
500.000000, 88.002, -73.3818
508.000000, 87.931, -73.3788
515.000000, 87.870, -73.3546
522.000000, 87.812, -73.3221
530.000000, 87.748, -73.2677
538.000000, 87.687, -73.2106
545.000000, 87.640, -73.1436
552.000000, 87.596, -73.0552
560.000000, 87.547, -72.9323
570.000000, 87.490, -72.7768
580.000000, 87.440, -72.6222
590.000000, 87.397, -72.4689
600.000000, 87.359, -72.3260
608.000000, 87.328, -72.1691
615.000000, 87.300, -72.0135
622.000000, 87.275, -71.8600
630.000000, 87.251, -71.7045
640.000000, 87.227, -71.4769
650.000000, 87.210, -71.2440
660.000000, 87.201, -71.0300
670.000000, 87.204, -70.8176
680.000000, 87.212, -70.6721
690.000000, 87.221, -70.5482
700.000000, 87.228, -70.4374
710.000000, 87.237, -70.3232
720.000000, 87.248, -70.2328
730.000000, 87.260, -70.1377
740.000000, 87.274, -70.0493
750.000000, 87.289, -69.9553
762.000000, 87.308, -69.8474
775.000000, 87.330, -69.7499
788.000000, 87.351, -69.6276
800.000000, 87.373, -69.5071
812.000000, 87.399, -69.3925
825.000000, 87.430, -69.2589
838.000000, 87.464, -69.1282
850.000000, 87.500, -69.0163
862.000000, 87.538, -68.8984
875.000000, 87.583, -68.7810
885.000000, 87.619, -68.7024
900.000000, 87.677, -68.5736
912.000000, 87.726, -68.4714
925.000000, 87.782, -68.3918
938.000000, 87.842, -68.3164
950.000000, 87.898, -68.2484
962.000000, 87.956, -68.2063
975.000000, 88.020, -68.1766
988.000000, 88.084, -68.1538
1000.000000, 88.144, -68.1529
1015.000000, 88.220, -68.1777
1030.000000, 88.298, -68.2154
1044.000000, 88.373, -68.2726
1060.000000, 88.457, -68.3599
1075.000000, 88.537, -68.4494
1090.000000, 88.622, -68.5672
1106.000000, 88.723, -68.7105
1120.000000, 88.814, -68.8483
1138.000000, 88.931, -69.0481
1150.000000, 89.006, -69.1917
1172.000000, 89.141, -69.4512
1180.000000, 89.191, -69.5562
1206.000000, 89.350, -69.9086
1220.000000, 89.437, -70.0953
1241.000000, 89.569, -70.3890
1250.000000, 89.625, -70.5150
1265.000000, 89.719, -70.7158
1280.000000, 89.811, -70.9364
1315.000000, 90.024, -71.4406
1320.000000, 90.054, -71.5123
1340.000000, 90.166, -71.8013
1360.000000, 90.258, -72.0867
1380.000000, 90.349, -72.3774
1400.000000, 90.454, -72.6547
1430.000000, 90.617, -73.0901
1450.000000, 90.726, -73.3770
1475.000000, 90.863, -73.7581
1500.000000, 90.999, -74.1544
1525.000000, 91.133, -74.5386
1550.000000, 91.261, -74.9373
1575.000000, 91.387, -75.3507
1600.000000, 91.511, -75.7675
1625.000000, 91.637, -76.2190
1650.000000, 91.762, -76.6844
1675.000000, 91.885, -77.1752
1700.000000, 92.005, -77.6870
1725.000000, 92.122, -78.2242
1750.000000, 92.235, -78.7833
1775.000000, 92.347, -79.3741
1800.000000, 92.456, -79.9832
1825.000000, 92.562, -80.6128
1850.000000, 92.665, -81.2795
1875.000000, 92.764, -81.9763
1900.000000, 92.858, -82.7225
1925.000000, 92.941, -83.5121
1950.000000, 93.014, -84.3276
1975.000000, 93.076, -85.1476
2000.000000, 93.129, -85.9742
2030.000000, 93.182, -86.9633
2060.000000, 93.224, -87.9532
2090.000000, 93.253, -88.9342
2120.000000, 93.270, -89.9011
2140.000000, 93.276, -90.5345
2180.000000, 93.271, -91.7653
2200.000000, 93.259, -92.3633
2240.000000, 93.218, -93.5018
2270.000000, 93.175, -94.2961
2300.000000, 93.122, -95.0378
2330.000000, 93.061, -95.7212
2360.000000, 92.991, -96.3511
2400.000000, 92.886, -97.1005
2430.000000, 92.801, -97.5839
2470.000000, 92.679, -98.1212
2500.000000, 92.584, -98.4404
2540.000000, 92.452, -98.7642
2580.000000, 92.318, -98.9712
2620.000000, 92.182, -99.0665
2650.000000, 92.080, -99.0657
2690.000000, 91.944, -98.9767
2720.000000, 91.843, -98.8444
2760.000000, 91.711, -98.5796
2800.000000, 91.583, -98.2317
2850.000000, 91.428, -97.6866
2900.000000, 91.281, -97.0190
2950.000000, 91.147, -96.2407
3000.000000, 91.026, -95.3694
3040.000000, 90.939, -94.6112
3070.000000, 90.879, -94.0084
3110.000000, 90.808, -93.1714
3150.000000, 90.748, -92.2902
3200.000000, 90.692, -91.1447
3250.000000, 90.662, -90.0099
3300.000000, 90.654, -88.9658
3350.000000, 90.655, -88.0786
3400.000000, 90.653, -87.3109
3450.000000, 90.645, -86.5927
3500.000000, 90.635, -85.8723
3550.000000, 90.623, -85.1286
3600.000000, 90.612, -84.3785
3650.000000, 90.605, -83.6459
3700.000000, 90.600, -82.9364
3750.000000, 90.596, -82.2698
3820.000000, 90.585, -81.4221
3870.000000, 90.565, -80.8737
3950.000000, 90.510, -80.0629
4000.000000, 90.463, -79.5769
4060.000000, 90.392, -78.9996
4120.000000, 90.303, -78.4385
4180.000000, 90.190, -77.8800
4250.000000, 90.025, -77.1448
4310.000000, 89.853, -76.3589
4370.000000, 89.654, -75.3806
4440.000000, 89.405, -73.9602
4500.000000, 89.191, -72.5026
4550.000000, 89.017, -71.1375
4620.000000, 88.778, -68.9709
4680.000000, 88.591, -66.8116
4750.000000, 88.420, -63.9330
4820.000000, 88.328, -60.8123
4870.000000, 88.319, -58.5861
4940.000000, 88.377, -55.6555
5000.000000, 88.481, -53.4113
5080.000000, 88.686, -50.9676
5150.000000, 88.901, -49.5634
5220.000000, 89.100, -48.9819
5300.000000, 89.232, -49.2164
5380.000000, 89.200, -50.0045
5450.000000, 89.021, -50.6993
5520.000000, 88.717, -51.0311
5600.000000, 88.265, -50.6903
5700.000000, 87.625, -49.0087
5800.000000, 86.987, -46.0460
5900.000000, 86.410, -42.0646
6000.000000, 85.919, -37.3522
6080.000000, 85.595, -33.2070
6150.000000, 85.363, -29.3849
6220.000000, 85.176, -25.4338
6300.000000, 85.018, -20.8033
6400.000000, 84.901, -14.9149
6500.000000, 84.870, -8.9796
6600.000000, 84.923, -3.0992
6700.000000, 85.058, 2.6688
6800.000000, 85.279, 8.2995
6900.000000, 85.608, 13.6981
7000.000000, 86.043, 18.7344
7100.000000, 86.563, 23.2899
7200.000000, 87.151, 27.2418
7300.000000, 87.793, 30.4487
7400.000000, 88.466, 32.7875
7500.000000, 89.148, 34.1567
7620.000000, 89.943, 34.3975
7750.000000, 90.672, 32.9196
7880.000000, 91.064, 30.0561
8000.000000, 91.088, 26.9418
8120.000000, 90.824, 24.2097
8250.000000, 90.292, 22.3636
8380.000000, 89.621, 21.9742
8500.000000, 88.966, 22.8376
8620.000000, 88.329, 24.5989
8750.000000, 87.683, 27.1704
8850.000000, 87.219, 29.3872
9000.000000, 86.557, 32.8121
9120.000000, 86.031, 35.5432
9250.000000, 85.426, 38.5086
9380.000000, 84.757, 41.6551
9500.000000, 84.077, 44.9537
9620.000000, 83.351, 48.8528
9750.000000, 82.547, 53.9279
9880.000000, 81.769, 59.9432
10000.000000, 81.105, 66.2758
10150.000000, 80.391, 75.0408
10300.000000, 79.834, 84.4247
10440.000000, 79.459, 93.4287
10600.000000, 79.192, 103.7371
10750.000000, 79.084, 113.2237
10900.000000, 79.092, 122.4011
11060.000000, 79.217, 131.8856
11200.000000, 79.449, 139.8752
11380.000000, 79.896, 149.0547
11500.000000, 80.233, 154.3877
11720.000000, 80.905, 162.8123
11800.000000, 81.159, 165.3173
12060.000000, 81.851, 171.3659
12200.000000, 82.083, 173.7471
12410.000000, 82.231, 176.8732
12500.000000, 82.231, 178.2034
12650.000000, 82.177, -179.4543
12800.000000, 82.093, -176.9671
13150.000000, 81.893, -172.0525
13200.000000, 81.852, -171.6159
13400.000000, 81.561, -170.7390
13600.000000, 80.921, -170.6711
13800.000000, 79.829, -169.8766
14000.000000, 78.346, -166.2265
14300.000000, 76.288, -152.5325
14500.000000, 75.530, -143.5645
14750.000000, 74.301, -133.4536
15000.000000, 73.154, -116.1001
15250.000000, 73.596, -98.1019
15500.000000, 74.319, -91.3175
15750.000000, 74.268, -87.4961
16000.000000, 73.623, -82.7895
16250.000000, 72.637, -74.1292
16500.000000, 72.029, -61.6420
16750.000000, 71.831, -50.0682
17000.000000, 71.849, -38.4264
17250.000000, 72.253, -27.6493
17500.000000, 72.962, -19.4845
17750.000000, 73.744, -14.7262
18000.000000, 74.338, -13.3435
18250.000000, 74.529, -14.3448
18500.000000, 74.226, -16.0690
18750.000000, 73.499, -17.0170
19000.000000, 72.521, -16.5427
19250.000000, 71.420, -15.0335
19500.000000, 70.188, -13.2109
19750.000000, 68.771, -11.2679
20000.000000, 67.071, -8.8183
20300.000000, 64.682, -4.9736
20600.000000, 62.032, -0.1805
20900.000000, 59.041, 6.2408
21200.000000, 55.714, 15.1573
21400.000000, 53.347, 22.5513
21800.000000, 48.378, 40.3455
22000.000000, 45.801, 50.1858
22400.000000, 40.362, 70.1642
22700.000000, 35.941, 84.5632
23000.000000, 31.658, 97.6191
23300.000000, 29.956, 107.5873
23600.000000, 31.402, 108.9523
24000.000000, 32.601, 93.8708
