* Measurement data measured by REW V5.31.3
* Source: Headset (DS by VECLAN.COM), MICROPHONE (Master Volume), L, volume: 0.720. Timing signal peak level -9.1 dBFS, measurement signal peak level -9.2 dBFS
* Format: 2M Log Swept Sine, 1 sweep at -30.6 dBFS using an acoustic timing reference
* Dated: Mar 6, 2025 8:39:06 PM
* REW Settings:
*  C-weighting compensation: Off
*  Target level: 85.0 dB
* Note: ; Fosi DS1 & Abigail Pro Delay -0.0665 ms (-23 mm, -0.9 in) using estimated IR delay relative to Acoustic reference played from SPEAKER L with no timing offset Clock adjustment: -26.2 ppm
* Measurement: Vocal L
* Smoothing: 1/24 octave
* Frequency Step: 1/48 octave
* Start Frequency: 1.000 Hz
*
* Freq(Hz), SPL(dB), Phase(degrees)
1.000000, 77.352, 142.8902
1.015000, 77.682, 142.4900
1.030000, 78.007, 142.1436
1.044000, 78.304, 141.8674
1.060000, 78.637, 141.6048
1.075000, 78.941, 141.4027
1.090000, 79.237, 141.1989
1.106000, 79.545, 140.7915
1.120000, 79.811, 140.2675
1.138000, 80.150, 139.5936
1.150000, 80.374, 139.1750
1.172000, 80.781, 138.4667
1.180000, 80.927, 138.2226
1.206000, 81.398, 137.4841
1.220000, 81.647, 137.1154
1.241000, 82.016, 136.5918
1.250000, 82.171, 136.3763
1.265000, 82.427, 136.0264
1.280000, 82.679, 135.6858
1.315000, 83.249, 134.9141
1.320000, 83.329, 134.8054
1.340000, 83.640, 134.3716
1.360000, 83.942, 133.9381
1.380000, 84.234, 133.4636
1.400000, 84.515, 132.9686
1.430000, 84.915, 132.2101
1.450000, 85.167, 131.6932
1.475000, 85.462, 131.0507
1.500000, 85.733, 130.4548
1.525000, 85.981, 129.9189
1.550000, 86.206, 129.4337
1.575000, 86.413, 128.9719
1.600000, 86.603, 128.5100
1.625000, 86.780, 128.0704
1.650000, 86.947, 127.6454
1.675000, 87.105, 127.2285
1.700000, 87.258, 126.8139
1.725000, 87.408, 126.3968
1.750000, 87.558, 125.9731
1.775000, 87.710, 125.5252
1.800000, 87.869, 125.0372
1.825000, 88.034, 124.5383
1.850000, 88.203, 124.0424
1.875000, 88.373, 123.5695
1.900000, 88.542, 123.1236
1.925000, 88.708, 122.7012
1.950000, 88.873, 122.2985
1.975000, 89.036, 121.9005
2.000000, 89.197, 121.4927
2.030000, 89.388, 121.0147
2.060000, 89.576, 120.5425
2.090000, 89.762, 120.0710
2.120000, 89.946, 119.5955
2.140000, 90.067, 119.2743
2.180000, 90.305, 118.5988
2.200000, 90.423, 118.2377
2.240000, 90.655, 117.5273
2.270000, 90.826, 117.0151
2.300000, 90.994, 116.5204
2.330000, 91.160, 116.0407
2.360000, 91.323, 115.5731
2.400000, 91.537, 114.9258
2.430000, 91.695, 114.4422
2.470000, 91.902, 113.8018
2.500000, 92.055, 113.3215
2.540000, 92.256, 112.6771
2.580000, 92.453, 112.0144
2.620000, 92.646, 111.3301
2.650000, 92.789, 110.8279
2.690000, 92.975, 110.1728
2.720000, 93.113, 109.6918
2.760000, 93.293, 109.0642
2.800000, 93.469, 108.4121
2.850000, 93.684, 107.6038
2.900000, 93.895, 106.8039
2.950000, 94.100, 106.0088
3.000000, 94.300, 105.1945
3.040000, 94.455, 104.5430
3.070000, 94.569, 104.0616
3.110000, 94.719, 103.4302
3.150000, 94.865, 102.8110
3.200000, 95.044, 102.0240
3.250000, 95.218, 101.2399
3.300000, 95.388, 100.4693
3.350000, 95.553, 99.7087
3.400000, 95.713, 98.9319
3.450000, 95.869, 98.1576
3.500000, 96.020, 97.4000
3.550000, 96.167, 96.6623
3.600000, 96.310, 95.9185
3.650000, 96.451, 95.1827
3.700000, 96.587, 94.4608
3.750000, 96.720, 93.7476
3.820000, 96.900, 92.7389
3.870000, 97.025, 92.0298
3.950000, 97.217, 90.9340
4.000000, 97.334, 90.2515
4.060000, 97.470, 89.4423
4.120000, 97.602, 88.6485
4.180000, 97.730, 87.8635
4.250000, 97.873, 86.9436
4.310000, 97.993, 86.1819
4.370000, 98.109, 85.4429
4.440000, 98.241, 84.5801
4.500000, 98.351, 83.8560
4.550000, 98.440, 83.2643
4.620000, 98.560, 82.4335
4.680000, 98.661, 81.7386
4.750000, 98.776, 80.9569
4.820000, 98.887, 80.1792
4.870000, 98.965, 79.6312
4.940000, 99.071, 78.8817
5.000000, 99.159, 78.2428
5.080000, 99.274, 77.4071
5.150000, 99.373, 76.7025
5.220000, 99.469, 75.9977
5.300000, 99.575, 75.2061
5.380000, 99.679, 74.4361
5.450000, 99.767, 73.7638
5.520000, 99.852, 73.1138
5.600000, 99.947, 72.3810
5.700000, 100.062, 71.4754
5.800000, 100.173, 70.5977
5.900000, 100.281, 69.7374
6.000000, 100.385, 68.9005
6.080000, 100.467, 68.2386
6.150000, 100.537, 67.6782
6.220000, 100.606, 67.1164
6.300000, 100.682, 66.4882
6.400000, 100.775, 65.7180
6.500000, 100.865, 64.9576
6.600000, 100.953, 64.2170
6.700000, 101.039, 63.4810
6.800000, 101.124, 62.7609
6.900000, 101.206, 62.0483
7.000000, 101.286, 61.3539
7.100000, 101.362, 60.6659
7.200000, 101.436, 59.9924
7.300000, 101.508, 59.3263
7.400000, 101.580, 58.6756
7.500000, 101.650, 58.0315
7.620000, 101.731, 57.2736
7.750000, 101.816, 56.4702
7.880000, 101.897, 55.6733
8.000000, 101.970, 54.9564
8.120000, 102.040, 54.2493
8.250000, 102.113, 53.4960
8.380000, 102.184, 52.7621
8.500000, 102.246, 52.0975
8.620000, 102.306, 51.4489
8.750000, 102.369, 50.7637
8.850000, 102.416, 50.2479
9.000000, 102.486, 49.4975
9.120000, 102.540, 48.9097
9.250000, 102.598, 48.2863
9.380000, 102.655, 47.6798
9.500000, 102.707, 47.1226
9.620000, 102.758, 46.5767
9.750000, 102.812, 45.9924
9.880000, 102.858, 45.4164
10.000000, 102.892, 44.8978
10.150000, 102.922, 44.2296
10.300000, 102.944, 43.5814
10.440000, 102.959, 42.9933
10.600000, 102.971, 42.3412
10.750000, 102.983, 41.7493
10.900000, 102.995, 41.1757
11.060000, 103.008, 40.5540
11.200000, 103.021, 39.9820
11.380000, 103.035, 39.2724
11.500000, 103.043, 38.8157
11.720000, 103.055, 38.0114
11.800000, 103.060, 37.7296
12.060000, 103.080, 36.8294
12.200000, 103.094, 36.3297
12.410000, 103.117, 35.6069
12.500000, 103.126, 35.3064
12.650000, 103.140, 34.8172
12.800000, 103.154, 34.3419
13.150000, 103.185, 33.2351
13.200000, 103.190, 33.0733
13.400000, 103.210, 32.4398
13.600000, 103.230, 31.8281
13.800000, 103.250, 31.2374
14.000000, 103.270, 30.6624
14.300000, 103.299, 29.7661
14.500000, 103.317, 29.1878
14.750000, 103.338, 28.4886
15.000000, 103.358, 27.8123
15.250000, 103.383, 27.1095
15.500000, 103.408, 26.4302
15.750000, 103.431, 25.7776
16.000000, 103.452, 25.1503
16.250000, 103.472, 24.5027
16.500000, 103.491, 23.8777
16.750000, 103.510, 23.2742
17.000000, 103.530, 22.6859
17.250000, 103.551, 22.0811
17.500000, 103.571, 21.4897
17.750000, 103.588, 20.9169
18.000000, 103.605, 20.3605
18.250000, 103.620, 19.7933
18.500000, 103.635, 19.2437
18.750000, 103.650, 18.7137
19.000000, 103.666, 18.2000
19.250000, 103.683, 17.6698
19.500000, 103.701, 17.1495
19.750000, 103.717, 16.6384
20.000000, 103.733, 16.1365
20.299999, 103.750, 15.5155
20.600000, 103.766, 14.9143
20.900000, 103.780, 14.3348
21.200001, 103.793, 13.7556
21.400000, 103.802, 13.3713
21.799999, 103.817, 12.6173
22.000000, 103.824, 12.2439
22.400000, 103.836, 11.4790
22.700001, 103.842, 10.9207
23.000000, 103.845, 10.3818
23.299999, 103.847, 9.8525
23.600000, 103.849, 9.3462
24.000000, 103.855, 8.6980
24.299999, 103.861, 8.2042
24.700001, 103.870, 7.5482
25.000000, 103.875, 7.0589
25.400000, 103.879, 6.3995
25.799999, 103.880, 5.7661
26.200001, 103.880, 5.1501
26.500000, 103.880, 4.6954
26.900000, 103.881, 4.1061
27.200001, 103.882, 3.6656
27.600000, 103.882, 3.0829
28.000000, 103.881, 2.5134
28.500000, 103.879, 1.7983
29.000000, 103.875, 1.1076
29.500000, 103.871, 0.4323
30.000000, 103.863, -0.2302
30.400000, 103.856, -0.7684
30.700001, 103.849, -1.1641
31.100000, 103.839, -1.6823
31.500000, 103.829, -2.1968
32.000000, 103.815, -2.8254
32.500000, 103.799, -3.4456
33.000000, 103.781, -4.0443
33.500000, 103.763, -4.6433
34.000000, 103.748, -5.2257
34.500000, 103.734, -5.7966
35.000000, 103.720, -6.3620
35.500000, 103.703, -6.9280
36.000000, 103.686, -7.4757
36.500000, 103.668, -8.0084
37.000000, 103.649, -8.5250
37.500000, 103.630, -9.0403
38.200001, 103.603, -9.7373
38.700001, 103.583, -10.2236
39.500000, 103.554, -11.0009
40.000000, 103.534, -11.4860
40.599998, 103.506, -12.0767
41.200001, 103.476, -12.6426
41.799999, 103.447, -13.1910
42.500000, 103.412, -13.8175
43.099998, 103.383, -14.3417
43.700001, 103.357, -14.8535
44.400002, 103.326, -15.4671
45.000000, 103.296, -15.9875
45.500000, 103.271, -16.3930
46.200001, 103.239, -16.9539
46.799999, 103.213, -17.4557
47.500000, 103.179, -18.0300
48.200001, 103.143, -18.5764
48.700001, 103.118, -18.9515
49.400002, 103.084, -19.4698
50.000000, 103.054, -19.9099
50.799999, 103.012, -20.4825
51.500000, 102.973, -20.9808
52.200001, 102.934, -21.4661
53.000000, 102.888, -21.9807
53.799999, 102.844, -22.5281
54.500000, 102.802, -23.0189
55.200001, 102.757, -23.4866
56.000000, 102.712, -24.0297
57.000000, 102.643, -24.7834
58.000000, 102.544, -25.3096
59.000000, 102.503, -25.5497
60.000000, 102.498, -26.1436
60.799999, 102.460, -26.7914
61.500000, 102.413, -27.2415
62.200001, 102.368, -27.6267
63.000000, 102.316, -28.0482
64.000000, 102.256, -28.4829
65.000000, 102.200, -29.0082
66.000000, 102.144, -29.5535
67.000000, 102.087, -30.0523
68.000000, 102.030, -30.5941
69.000000, 101.969, -31.1180
70.000000, 101.905, -31.5612
71.000000, 101.849, -31.9802
72.000000, 101.796, -32.4146
73.000000, 101.742, -32.8250
74.000000, 101.688, -33.2614
75.000000, 101.629, -33.7029
76.199997, 101.559, -34.2047
77.500000, 101.484, -34.7242
78.800003, 101.412, -35.2109
80.000000, 101.346, -35.6787
81.199997, 101.280, -36.1437
82.500000, 101.206, -36.6337
83.800003, 101.129, -37.0619
85.000000, 101.060, -37.4365
86.199997, 100.992, -37.8296
87.500000, 100.918, -38.2019
88.500000, 100.863, -38.5039
90.000000, 100.783, -38.9777
91.199997, 100.724, -39.4098
92.500000, 100.657, -39.8259
93.800003, 100.588, -40.2084
95.000000, 100.525, -40.5713
96.199997, 100.461, -40.8971
97.500000, 100.390, -41.2145
98.800003, 100.319, -41.5442
100.000000, 100.254, -41.8633
101.500000, 100.173, -42.2683
103.000000, 100.093, -42.6358
104.400002, 100.023, -42.9454
106.000000, 99.945, -43.3372
107.500000, 99.868, -43.7243
109.000000, 99.790, -44.0566
110.599998, 99.709, -44.4282
112.000000, 99.638, -44.7124
113.800003, 99.549, -45.0333
115.000000, 99.488, -45.2825
117.199997, 99.376, -45.7735
118.000000, 99.337, -45.9496
120.599998, 99.207, -46.4698
122.000000, 99.146, -46.6656
124.099998, 99.060, -47.0046
125.000000, 99.022, -47.1564
126.500000, 98.959, -47.3682
128.000000, 98.895, -47.6309
131.500000, 98.741, -48.1743
132.000000, 98.719, -48.2455
134.000000, 98.632, -48.5388
136.000000, 98.549, -48.8428
138.000000, 98.471, -49.1539
140.000000, 98.393, -49.4249
143.000000, 98.278, -49.7930
145.000000, 98.201, -50.0641
147.500000, 98.102, -50.3932
150.000000, 98.004, -50.6295
152.500000, 97.913, -50.8762
155.000000, 97.828, -51.1238
157.500000, 97.740, -51.4030
160.000000, 97.635, -51.7284
162.500000, 97.532, -52.0061
165.000000, 97.461, -52.1970
167.500000, 97.393, -52.4143
170.000000, 97.299, -52.5977
172.500000, 97.188, -52.8630
175.000000, 97.088, -53.1169
177.500000, 97.011, -53.2726
180.000000, 96.932, -53.4714
182.500000, 96.839, -53.6359
185.000000, 96.760, -53.8063
187.500000, 96.693, -53.9771
190.000000, 96.615, -54.1978
192.500000, 96.526, -54.4175
195.000000, 96.440, -54.5321
197.500000, 96.364, -54.5795
200.000000, 96.299, -54.6237
203.000000, 96.221, -54.8135
206.000000, 96.132, -55.0480
209.000000, 96.032, -55.1348
212.000000, 95.938, -55.2159
214.000000, 95.879, -55.2773
218.000000, 95.768, -55.3999
220.000000, 95.714, -55.4275
224.000000, 95.616, -55.4076
227.000000, 95.544, -55.4519
230.000000, 95.485, -55.5747
233.000000, 95.442, -55.6154
236.000000, 95.392, -55.5853
240.000000, 95.300, -55.6431
243.000000, 95.250, -55.8860
247.000000, 95.176, -56.2075
250.000000, 95.100, -56.3759
254.000000, 95.008, -56.5933
258.000000, 94.927, -56.7469
262.000000, 94.836, -56.8113
265.000000, 94.766, -56.8685
269.000000, 94.678, -57.0073
272.000000, 94.616, -57.0941
276.000000, 94.538, -57.1784
280.000000, 94.463, -57.2552
285.000000, 94.372, -57.3276
290.000000, 94.284, -57.3976
295.000000, 94.196, -57.4610
300.000000, 94.110, -57.5088
304.000000, 94.047, -57.5656
307.000000, 94.002, -57.5910
311.000000, 93.943, -57.6276
315.000000, 93.884, -57.6683
320.000000, 93.812, -57.7061
325.000000, 93.741, -57.7185
330.000000, 93.671, -57.7439
335.000000, 93.602, -57.7525
340.000000, 93.534, -57.7683
345.000000, 93.466, -57.7630
350.000000, 93.400, -57.7628
355.000000, 93.336, -57.7715
360.000000, 93.274, -57.7554
365.000000, 93.213, -57.7428
370.000000, 93.154, -57.7401
375.000000, 93.096, -57.7380
382.000000, 93.016, -57.6925
387.000000, 92.961, -57.6420
395.000000, 92.874, -57.6005
400.000000, 92.820, -57.5538
406.000000, 92.757, -57.4852
412.000000, 92.699, -57.4412
418.000000, 92.640, -57.3954
425.000000, 92.575, -57.3353
431.000000, 92.522, -57.2544
437.000000, 92.469, -57.1733
444.000000, 92.408, -57.0938
450.000000, 92.362, -57.0392
455.000000, 92.323, -56.9731
462.000000, 92.271, -56.8676
468.000000, 92.227, -56.7775
475.000000, 92.178, -56.6567
482.000000, 92.133, -56.5221
487.000000, 92.104, -56.4278
494.000000, 92.065, -56.2911
500.000000, 92.034, -56.1771
508.000000, 91.994, -55.9891
515.000000, 91.961, -55.8143
522.000000, 91.931, -55.6502
530.000000, 91.900, -55.4401
538.000000, 91.874, -55.2272
545.000000, 91.851, -55.0503
552.000000, 91.830, -54.8558
560.000000, 91.810, -54.6199
570.000000, 91.786, -54.3253
580.000000, 91.766, -54.0037
590.000000, 91.751, -53.6442
600.000000, 91.741, -53.2850
608.000000, 91.736, -52.9623
615.000000, 91.735, -52.6772
622.000000, 91.738, -52.3920
630.000000, 91.745, -52.0862
640.000000, 91.760, -51.6955
650.000000, 91.781, -51.3215
660.000000, 91.806, -50.9671
670.000000, 91.838, -50.6112
680.000000, 91.877, -50.2877
690.000000, 91.920, -49.9741
700.000000, 91.966, -49.6894
710.000000, 92.013, -49.4327
720.000000, 92.061, -49.1987
730.000000, 92.111, -48.9673
740.000000, 92.162, -48.7518
750.000000, 92.214, -48.5375
762.000000, 92.276, -48.2866
775.000000, 92.343, -48.0280
788.000000, 92.410, -47.7754
800.000000, 92.475, -47.5424
812.000000, 92.541, -47.3120
825.000000, 92.615, -47.0528
838.000000, 92.691, -46.8019
850.000000, 92.763, -46.5723
862.000000, 92.836, -46.3280
875.000000, 92.920, -46.0554
885.000000, 92.991, -45.8551
900.000000, 93.104, -45.5765
912.000000, 93.199, -45.3551
925.000000, 93.304, -45.1318
938.000000, 93.409, -44.9331
950.000000, 93.508, -44.7714
962.000000, 93.606, -44.6476
975.000000, 93.711, -44.5384
988.000000, 93.817, -44.4351
1000.000000, 93.915, -44.3580
1015.000000, 94.039, -44.2906
1030.000000, 94.163, -44.2399
1044.000000, 94.279, -44.2183
1060.000000, 94.410, -44.2233
1075.000000, 94.534, -44.2433
1090.000000, 94.662, -44.2844
1106.000000, 94.807, -44.3513
1120.000000, 94.936, -44.4274
1138.000000, 95.100, -44.5475
1150.000000, 95.208, -44.6393
1172.000000, 95.402, -44.8044
1180.000000, 95.472, -44.8763
1206.000000, 95.698, -45.1191
1220.000000, 95.821, -45.2499
1241.000000, 96.005, -45.4666
1250.000000, 96.083, -45.5604
1265.000000, 96.212, -45.7042
1280.000000, 96.341, -45.8636
1315.000000, 96.637, -46.2309
1320.000000, 96.678, -46.2842
1340.000000, 96.836, -46.4981
1360.000000, 96.973, -46.7036
1380.000000, 97.109, -46.9153
1400.000000, 97.259, -47.1267
1430.000000, 97.488, -47.4557
1450.000000, 97.639, -47.6727
1475.000000, 97.829, -47.9611
1500.000000, 98.018, -48.2572
1525.000000, 98.204, -48.5604
1550.000000, 98.384, -48.8778
1575.000000, 98.560, -49.2115
1600.000000, 98.735, -49.5529
1625.000000, 98.908, -49.9268
1650.000000, 99.080, -50.3185
1675.000000, 99.249, -50.7299
1700.000000, 99.416, -51.1572
1725.000000, 99.579, -51.6084
1750.000000, 99.739, -52.0840
1775.000000, 99.894, -52.5959
1800.000000, 100.046, -53.1317
1825.000000, 100.193, -53.6884
1850.000000, 100.334, -54.2714
1875.000000, 100.470, -54.8744
1900.000000, 100.599, -55.5052
1925.000000, 100.722, -56.1538
1950.000000, 100.836, -56.8229
1975.000000, 100.943, -57.5033
2000.000000, 101.043, -58.1997
2030.000000, 101.151, -59.0400
2060.000000, 101.247, -59.8900
2090.000000, 101.331, -60.7359
2120.000000, 101.404, -61.5701
2140.000000, 101.447, -62.1160
2180.000000, 101.516, -63.1758
2200.000000, 101.542, -63.6920
2240.000000, 101.577, -64.6759
2270.000000, 101.591, -65.3617
2300.000000, 101.595, -65.9985
2330.000000, 101.591, -66.5801
2360.000000, 101.578, -67.1115
2400.000000, 101.550, -67.7324
2430.000000, 101.524, -68.1263
2470.000000, 101.482, -68.5593
2500.000000, 101.445, -68.8114
2540.000000, 101.391, -69.0554
2580.000000, 101.334, -69.1932
2620.000000, 101.275, -69.2295
2650.000000, 101.230, -69.1906
2690.000000, 101.170, -69.0599
2720.000000, 101.125, -68.9027
2760.000000, 101.067, -68.6092
2800.000000, 101.011, -68.2308
2850.000000, 100.949, -67.6512
2900.000000, 100.897, -66.9684
2950.000000, 100.857, -66.1943
3000.000000, 100.829, -65.3475
3040.000000, 100.815, -64.6359
3070.000000, 100.810, -64.0840
3110.000000, 100.810, -63.3363
3150.000000, 100.816, -62.5775
3200.000000, 100.833, -61.6169
3250.000000, 100.860, -60.6498
3300.000000, 100.895, -59.6816
3350.000000, 100.939, -58.7355
3400.000000, 100.991, -57.8037
3450.000000, 101.054, -56.8959
3500.000000, 101.127, -56.0257
3550.000000, 101.207, -55.1910
3600.000000, 101.290, -54.4009
3650.000000, 101.375, -53.6691
3700.000000, 101.462, -52.9967
3750.000000, 101.547, -52.3912
3820.000000, 101.655, -51.6572
3870.000000, 101.722, -51.2085
3950.000000, 101.800, -50.5912
4000.000000, 101.830, -50.2479
4060.000000, 101.846, -49.8478
4120.000000, 101.839, -49.4346
4180.000000, 101.808, -48.9733
4250.000000, 101.743, -48.3219
4310.000000, 101.663, -47.6172
4370.000000, 101.563, -46.7589
4440.000000, 101.430, -45.5576
4500.000000, 101.307, -44.3389
4550.000000, 101.200, -43.1517
4620.000000, 101.060, -41.1630
4680.000000, 100.968, -39.1591
4750.000000, 100.913, -36.5452
4820.000000, 100.934, -33.7817
4870.000000, 101.001, -31.8489
4940.000000, 101.162, -29.3723
5000.000000, 101.349, -27.5786
5080.000000, 101.645, -25.8201
5150.000000, 101.916, -25.0353
5220.000000, 102.145, -25.0112
5300.000000, 102.290, -25.7204
5380.000000, 102.266, -26.7775
5450.000000, 102.101, -27.5615
5520.000000, 101.829, -27.9020
5600.000000, 101.430, -27.5368
5700.000000, 100.882, -25.8480
5800.000000, 100.356, -22.9551
5900.000000, 99.898, -19.1303
6000.000000, 99.530, -14.6544
6080.000000, 99.303, -10.7374
6150.000000, 99.154, -7.1384
6220.000000, 99.051, -3.4319
6300.000000, 98.985, 0.8950
6400.000000, 98.978, 6.3752
6500.000000, 99.051, 11.8965
6600.000000, 99.203, 17.3791
6700.000000, 99.433, 22.7881
6800.000000, 99.754, 28.1091
6900.000000, 100.189, 33.2302
7000.000000, 100.739, 38.0086
7100.000000, 101.386, 42.3037
7200.000000, 102.114, 45.9644
7300.000000, 102.909, 48.8229
7400.000000, 103.748, 50.7200
7500.000000, 104.604, 51.5030
7620.000000, 105.606, 50.8070
7750.000000, 106.534, 48.0422
7880.000000, 107.081, 43.7236
8000.000000, 107.216, 39.2452
8120.000000, 107.041, 35.1785
8250.000000, 106.588, 31.9062
8380.000000, 105.972, 30.0979
8500.000000, 105.346, 29.7000
8620.000000, 104.721, 30.2900
8750.000000, 104.074, 31.7097
8850.000000, 103.603, 33.1316
9000.000000, 102.929, 35.5092
9120.000000, 102.393, 37.5008
9250.000000, 101.785, 39.7542
9380.000000, 101.126, 42.2578
9500.000000, 100.465, 44.9774
9620.000000, 99.766, 48.2620
9750.000000, 98.997, 52.6006
9880.000000, 98.252, 57.8004
10000.000000, 97.614, 63.3142
10150.000000, 96.920, 70.9877
10300.000000, 96.364, 79.2410
10440.000000, 95.975, 87.1697
10600.000000, 95.670, 96.2425
10750.000000, 95.500, 104.5972
10900.000000, 95.422, 112.7523
11060.000000, 95.439, 121.2993
11200.000000, 95.564, 128.5035
11380.000000, 95.840, 136.7625
11500.000000, 96.046, 141.6527
11720.000000, 96.461, 149.4902
11800.000000, 96.608, 151.8622
12060.000000, 96.918, 158.0117
12200.000000, 96.931, 160.7959
12410.000000, 96.725, 165.0281
12500.000000, 96.564, 167.0661
12650.000000, 96.229, 170.9954
12800.000000, 95.860, 175.6907
13150.000000, 95.117, -171.0269
13200.000000, 95.035, -168.9916
13400.000000, 94.745, -160.7715
13600.000000, 94.473, -152.1015
13800.000000, 94.282, -142.0291
14000.000000, 94.566, -129.7728
14300.000000, 96.050, -117.4124
14500.000000, 96.551, -113.8620
14750.000000, 96.866, -107.7712
15000.000000, 97.695, -100.2448
15250.000000, 98.658, -98.5261
15500.000000, 99.014, -99.0355
15750.000000, 99.236, -100.3564
16000.000000, 98.981, -103.5184
16250.000000, 98.032, -105.2097
16500.000000, 96.798, -102.9785
16750.000000, 95.563, -97.3782
17000.000000, 94.577, -89.5544
17250.000000, 93.992, -81.2148
17500.000000, 93.749, -73.9230
17750.000000, 93.674, -68.5052
18000.000000, 93.565, -65.1389
18250.000000, 93.240, -63.3432
18500.000000, 92.585, -62.0439
18750.000000, 91.600, -59.9345
19000.000000, 90.388, -56.0502
19250.000000, 89.083, -50.1135
19500.000000, 87.792, -42.3924
19750.000000, 86.619, -33.4271
20000.000000, 85.588, -24.0226
20300.000000, 84.562, -14.0215
20600.000000, 83.618, -7.0248
20900.000000, 82.345, -2.4679
21200.000000, 80.537, 1.3685
21400.000000, 79.023, 4.1548
21800.000000, 75.271, 11.0466
22000.000000, 73.023, 15.3192
22400.000000, 67.717, 25.6985
22700.000000, 62.970, 34.9011
23000.000000, 57.492, 44.8405
23300.000000, 51.228, 54.9661
23600.000000, 44.324, 64.7596
24000.000000, 37.138, 83.3419
