* Measurement data measured by REW V5.31.3
* Source: Headset (DS by VECLAN.COM), MICROPHONE (Master Volume), L, volume: 0.720. Timing signal peak level -8.6 dBFS, measurement signal peak level -8.6 dBFS
* Format: 2M Log Swept Sine, 1 sweep at -30.6 dBFS using an acoustic timing reference
* Dated: Mar 6, 2025 8:58:13 PM
* REW Settings:
*  C-weighting compensation: Off
*  Target level: 85.0 dB
* Note: ; Fosi DS1 & Abigail Pro Delay -0.0659 ms (-23 mm, -0.89 in) using estimated IR delay relative to Acoustic reference played from SPEAKER R with no timing offset Clock adjustment: -26.2 ppm
* Measurement: Vocal R
* Smoothing: 1/24 octave
* Frequency Step: 1/48 octave
* Start Frequency: 1.000 Hz
*
* Freq(Hz), SPL(dB), Phase(degrees)
1.000000, 81.180, 131.4809
1.015000, 81.448, 131.2104
1.030000, 81.713, 130.9351
1.044000, 81.956, 130.6729
1.060000, 82.228, 130.3666
1.075000, 82.478, 130.0727
1.090000, 82.723, 129.7739
1.106000, 82.979, 129.4618
1.120000, 83.200, 129.2135
1.138000, 83.484, 128.9378
1.150000, 83.672, 128.7785
1.172000, 84.014, 128.5239
1.180000, 84.138, 128.4381
1.206000, 84.535, 128.1911
1.220000, 84.747, 128.0735
1.241000, 85.059, 127.9103
1.250000, 85.192, 127.8436
1.265000, 85.410, 127.7350
1.280000, 85.624, 127.6275
1.315000, 86.111, 127.3706
1.320000, 86.179, 127.3324
1.340000, 86.445, 127.1734
1.360000, 86.703, 127.0043
1.380000, 86.952, 126.7844
1.400000, 87.193, 126.5350
1.430000, 87.534, 126.1299
1.450000, 87.748, 125.8392
1.475000, 87.999, 125.4695
1.500000, 88.229, 125.1339
1.525000, 88.437, 124.8449
1.550000, 88.627, 124.5937
1.575000, 88.800, 124.3531
1.600000, 88.960, 124.1003
1.625000, 89.108, 123.8581
1.650000, 89.247, 123.6193
1.675000, 89.380, 123.3779
1.700000, 89.509, 123.1287
1.725000, 89.637, 122.8673
1.750000, 89.765, 122.5901
1.775000, 89.897, 122.2799
1.800000, 90.035, 121.9214
1.825000, 90.180, 121.5445
1.850000, 90.330, 121.1647
1.875000, 90.483, 120.8033
1.900000, 90.635, 120.4645
1.925000, 90.786, 120.1445
1.950000, 90.937, 119.8391
1.975000, 91.088, 119.5329
2.000000, 91.237, 119.2114
2.030000, 91.415, 118.8294
2.060000, 91.592, 118.4449
2.090000, 91.767, 118.0526
2.120000, 91.940, 117.6481
2.140000, 92.055, 117.3696
2.180000, 92.280, 116.7688
2.200000, 92.392, 116.4404
2.240000, 92.612, 115.7896
2.270000, 92.775, 115.3184
2.300000, 92.936, 114.8616
2.330000, 93.095, 114.4163
2.360000, 93.253, 113.9793
2.400000, 93.461, 113.3667
2.430000, 93.614, 112.9040
2.470000, 93.816, 112.2845
2.500000, 93.965, 111.8144
2.540000, 94.160, 111.1760
2.580000, 94.352, 110.5116
2.620000, 94.541, 109.8204
2.650000, 94.681, 109.3106
2.690000, 94.864, 108.6423
2.720000, 94.999, 108.1493
2.760000, 95.176, 107.5027
2.800000, 95.349, 106.8280
2.850000, 95.562, 105.9862
2.900000, 95.769, 105.1465
2.950000, 95.970, 104.3045
3.000000, 96.167, 103.4374
3.040000, 96.320, 102.7404
3.070000, 96.432, 102.2235
3.110000, 96.579, 101.5432
3.150000, 96.723, 100.8737
3.200000, 96.899, 100.0225
3.250000, 97.070, 99.1725
3.300000, 97.236, 98.3341
3.350000, 97.398, 97.5019
3.400000, 97.554, 96.6498
3.450000, 97.706, 95.7982
3.500000, 97.853, 94.9624
3.550000, 97.995, 94.1468
3.600000, 98.134, 93.3263
3.650000, 98.270, 92.5149
3.700000, 98.401, 91.7170
3.750000, 98.529, 90.9256
3.820000, 98.701, 89.8051
3.870000, 98.819, 89.0166
3.950000, 99.002, 87.7974
4.000000, 99.112, 87.0415
4.060000, 99.240, 86.1472
4.120000, 99.364, 85.2684
4.180000, 99.482, 84.3983
4.250000, 99.616, 83.3812
4.310000, 99.726, 82.5400
4.370000, 99.833, 81.7262
4.440000, 99.955, 80.7812
4.500000, 100.055, 79.9887
4.550000, 100.135, 79.3414
4.620000, 100.245, 78.4354
4.680000, 100.336, 77.6795
4.750000, 100.440, 76.8315
4.820000, 100.541, 75.9925
4.870000, 100.611, 75.4029
4.940000, 100.706, 74.5976
5.000000, 100.785, 73.9131
5.080000, 100.889, 73.0198
5.150000, 100.978, 72.2684
5.220000, 101.064, 71.5196
5.300000, 101.161, 70.6806
5.380000, 101.255, 69.8652
5.450000, 101.335, 69.1541
5.520000, 101.413, 68.4661
5.600000, 101.499, 67.6909
5.700000, 101.604, 66.7338
5.800000, 101.705, 65.8044
5.900000, 101.804, 64.8913
6.000000, 101.900, 64.0004
6.080000, 101.975, 63.2948
6.150000, 102.039, 62.6959
6.220000, 102.101, 62.0954
6.300000, 102.171, 61.4218
6.400000, 102.254, 60.5939
6.500000, 102.335, 59.7760
6.600000, 102.413, 58.9795
6.700000, 102.490, 58.1885
6.800000, 102.564, 57.4145
6.900000, 102.635, 56.6510
7.000000, 102.703, 55.9101
7.100000, 102.768, 55.1792
7.200000, 102.829, 54.4664
7.300000, 102.890, 53.7660
7.400000, 102.949, 53.0865
7.500000, 103.007, 52.4184
7.620000, 103.075, 51.6370
7.750000, 103.145, 50.8148
7.880000, 103.213, 50.0055
8.000000, 103.274, 49.2804
8.120000, 103.333, 48.5663
8.250000, 103.396, 47.8070
8.380000, 103.457, 47.0659
8.500000, 103.512, 46.3914
8.620000, 103.564, 45.7300
8.750000, 103.620, 45.0268
8.850000, 103.661, 44.4930
9.000000, 103.722, 43.7098
9.120000, 103.769, 43.0915
9.250000, 103.819, 42.4313
9.380000, 103.867, 41.7842
9.500000, 103.909, 41.1889
9.620000, 103.951, 40.6049
9.750000, 103.994, 39.9800
9.880000, 104.028, 39.3663
10.000000, 104.049, 38.8166
10.150000, 104.064, 38.1146
10.300000, 104.071, 37.4400
10.440000, 104.071, 36.8340
10.600000, 104.067, 36.1689
10.750000, 104.064, 35.5713
10.900000, 104.061, 34.9974
11.060000, 104.060, 34.3791
11.200000, 104.061, 33.8124
11.380000, 104.061, 33.1107
11.500000, 104.059, 32.6589
11.720000, 104.057, 31.8618
11.800000, 104.056, 31.5815
12.060000, 104.059, 30.6824
12.200000, 104.064, 30.1808
12.410000, 104.074, 29.4521
12.500000, 104.078, 29.1484
12.650000, 104.083, 28.6530
12.800000, 104.087, 28.1712
13.150000, 104.095, 27.0502
13.200000, 104.096, 26.8868
13.400000, 104.103, 26.2482
13.600000, 104.109, 25.6345
13.800000, 104.116, 25.0456
14.000000, 104.122, 24.4766
14.300000, 104.131, 23.5972
14.500000, 104.137, 23.0349
14.750000, 104.143, 22.3590
15.000000, 104.151, 21.7071
15.250000, 104.164, 21.0272
15.500000, 104.178, 20.3667
15.750000, 104.189, 19.7280
16.000000, 104.199, 19.1109
16.250000, 104.208, 18.4721
16.500000, 104.215, 17.8575
16.750000, 104.222, 17.2688
17.000000, 104.230, 16.7009
17.250000, 104.239, 16.1206
17.500000, 104.249, 15.5556
17.750000, 104.258, 15.0068
18.000000, 104.265, 14.4689
18.250000, 104.273, 13.9131
18.500000, 104.279, 13.3688
18.750000, 104.284, 12.8413
19.000000, 104.288, 12.3316
19.250000, 104.293, 11.8118
19.500000, 104.298, 11.3106
19.750000, 104.302, 10.8277
20.000000, 104.306, 10.3609
20.299999, 104.312, 9.7859
20.600000, 104.317, 9.2288
20.900000, 104.321, 8.6884
21.200001, 104.324, 8.1444
21.400000, 104.325, 7.7838
21.799999, 104.326, 7.0835
22.000000, 104.326, 6.7416
22.400000, 104.326, 6.0456
22.700001, 104.325, 5.5366
23.000000, 104.323, 5.0376
23.299999, 104.320, 4.5353
23.600000, 104.316, 4.0448
24.000000, 104.310, 3.4117
24.299999, 104.306, 2.9345
24.700001, 104.301, 2.3156
25.000000, 104.297, 1.8640
25.400000, 104.290, 1.2577
25.799999, 104.282, 0.6703
26.200001, 104.273, 0.0903
26.500000, 104.266, -0.3400
26.900000, 104.257, -0.8925
27.200001, 104.250, -1.3004
27.600000, 104.242, -1.8362
28.000000, 104.234, -2.3631
28.500000, 104.224, -3.0382
29.000000, 104.212, -3.6979
29.500000, 104.196, -4.3368
30.000000, 104.179, -4.9520
30.400000, 104.164, -5.4489
30.700001, 104.152, -5.8139
31.100000, 104.136, -6.2919
31.500000, 104.120, -6.7644
32.000000, 104.098, -7.3360
32.500000, 104.076, -7.8983
33.000000, 104.054, -8.4480
33.500000, 104.031, -9.0103
34.000000, 104.008, -9.5604
34.500000, 103.986, -10.0934
35.000000, 103.963, -10.6129
35.500000, 103.939, -11.1308
36.000000, 103.915, -11.6334
36.500000, 103.891, -12.1257
37.000000, 103.867, -12.6082
37.500000, 103.843, -13.0996
38.200001, 103.807, -13.7787
38.700001, 103.780, -14.2475
39.500000, 103.739, -14.9621
40.000000, 103.715, -15.3987
40.599998, 103.687, -15.9478
41.200001, 103.657, -16.4925
41.799999, 103.623, -17.0184
42.500000, 103.583, -17.5967
43.099998, 103.551, -18.0658
43.700001, 103.522, -18.5201
44.400002, 103.489, -19.0720
45.000000, 103.458, -19.5478
45.500000, 103.430, -19.9223
46.200001, 103.393, -20.4478
46.799999, 103.362, -20.9241
47.500000, 103.321, -21.4712
48.200001, 103.278, -21.9969
48.700001, 103.248, -22.3623
49.400002, 103.208, -22.8611
50.000000, 103.174, -23.2710
50.799999, 103.132, -23.8109
51.500000, 103.095, -24.2994
52.200001, 103.053, -24.7534
53.000000, 103.008, -25.1930
53.799999, 102.966, -25.6596
54.500000, 102.925, -26.0771
55.200001, 102.880, -26.4866
56.000000, 102.823, -26.9411
57.000000, 102.749, -27.3892
58.000000, 102.704, -27.9004
59.000000, 102.648, -28.6442
60.000000, 102.560, -29.2541
60.799999, 102.505, -29.6500
61.500000, 102.470, -30.0159
62.200001, 102.434, -30.4099
63.000000, 102.391, -30.8512
64.000000, 102.341, -31.3366
65.000000, 102.289, -31.9012
66.000000, 102.234, -32.4209
67.000000, 102.178, -32.8788
68.000000, 102.119, -33.2808
69.000000, 102.086, -33.6327
70.000000, 102.050, -34.2086
71.000000, 101.969, -34.7493
72.000000, 101.892, -35.0477
73.000000, 101.829, -35.3626
74.000000, 101.755, -35.7389
75.000000, 101.680, -36.0864
76.199997, 101.600, -36.5410
77.500000, 101.517, -37.0585
78.800003, 101.457, -37.5352
80.000000, 101.406, -38.1078
81.199997, 101.339, -38.5746
82.500000, 101.272, -38.9406
83.800003, 101.204, -39.3143
85.000000, 101.130, -39.7049
86.199997, 101.051, -40.1194
87.500000, 100.978, -40.6047
88.500000, 100.925, -41.0814
90.000000, 100.828, -41.8009
91.199997, 100.752, -42.0902
92.500000, 100.704, -42.2543
93.800003, 100.652, -42.4896
95.000000, 100.588, -42.7709
96.199997, 100.507, -42.9978
97.500000, 100.429, -43.2200
98.800003, 100.360, -43.5808
100.000000, 100.302, -44.0200
101.500000, 100.223, -44.5979
103.000000, 100.142, -44.9784
104.400002, 100.076, -45.2129
106.000000, 100.003, -45.5096
107.500000, 99.923, -45.7929
109.000000, 99.845, -46.0722
110.599998, 99.761, -46.4390
112.000000, 99.692, -46.7297
113.800003, 99.603, -47.0408
115.000000, 99.551, -47.2383
117.199997, 99.462, -47.7288
118.000000, 99.427, -47.9328
120.599998, 99.294, -48.6053
122.000000, 99.215, -48.8396
124.099998, 99.113, -49.1324
125.000000, 99.074, -49.2762
126.500000, 99.008, -49.5030
128.000000, 98.940, -49.7705
131.500000, 98.782, -50.2946
132.000000, 98.758, -50.3436
134.000000, 98.671, -50.5155
136.000000, 98.590, -50.7637
138.000000, 98.506, -51.0894
140.000000, 98.429, -51.3797
143.000000, 98.328, -51.8484
145.000000, 98.250, -52.1984
147.500000, 98.139, -52.5422
150.000000, 98.042, -52.7448
152.500000, 97.962, -52.9934
155.000000, 97.873, -53.2769
157.500000, 97.776, -53.5800
160.000000, 97.681, -53.9665
162.500000, 97.588, -54.3637
165.000000, 97.497, -54.5308
167.500000, 97.413, -54.6357
170.000000, 97.322, -54.7434
172.500000, 97.232, -54.8426
175.000000, 97.149, -55.0562
177.500000, 97.051, -55.2938
180.000000, 96.956, -55.4387
182.500000, 96.877, -55.6051
185.000000, 96.792, -55.9191
187.500000, 96.713, -56.1628
190.000000, 96.647, -56.4301
192.500000, 96.575, -56.6784
195.000000, 96.488, -56.7509
197.500000, 96.402, -56.7086
200.000000, 96.332, -56.7428
203.000000, 96.249, -56.9768
206.000000, 96.161, -57.1396
209.000000, 96.078, -57.2646
212.000000, 95.990, -57.4646
214.000000, 95.937, -57.5665
218.000000, 95.852, -57.6026
220.000000, 95.801, -57.6487
224.000000, 95.686, -57.8299
227.000000, 95.610, -58.0229
230.000000, 95.534, -58.1962
233.000000, 95.454, -58.3612
236.000000, 95.388, -58.4808
240.000000, 95.314, -58.5364
243.000000, 95.243, -58.6479
247.000000, 95.137, -58.9266
250.000000, 95.062, -59.0860
254.000000, 94.965, -59.1924
258.000000, 94.871, -59.2662
262.000000, 94.790, -59.3984
265.000000, 94.733, -59.5019
269.000000, 94.651, -59.5942
272.000000, 94.591, -59.6456
276.000000, 94.516, -59.7472
280.000000, 94.442, -59.8325
285.000000, 94.351, -59.8892
290.000000, 94.264, -59.9726
295.000000, 94.181, -60.0611
300.000000, 94.102, -60.1465
304.000000, 94.038, -60.2264
307.000000, 93.990, -60.2642
311.000000, 93.929, -60.3061
315.000000, 93.869, -60.3302
320.000000, 93.795, -60.3859
325.000000, 93.721, -60.4376
330.000000, 93.650, -60.4828
335.000000, 93.582, -60.5002
340.000000, 93.514, -60.5622
345.000000, 93.447, -60.5952
350.000000, 93.382, -60.5962
355.000000, 93.320, -60.6177
360.000000, 93.258, -60.6041
365.000000, 93.195, -60.6205
370.000000, 93.134, -60.6637
375.000000, 93.076, -60.7046
382.000000, 92.995, -60.7231
387.000000, 92.938, -60.7172
395.000000, 92.848, -60.7112
400.000000, 92.789, -60.6813
406.000000, 92.721, -60.6456
412.000000, 92.658, -60.6298
418.000000, 92.599, -60.6116
425.000000, 92.534, -60.5862
431.000000, 92.480, -60.5363
437.000000, 92.428, -60.4927
444.000000, 92.369, -60.4276
450.000000, 92.321, -60.3943
455.000000, 92.281, -60.3451
462.000000, 92.226, -60.2685
468.000000, 92.182, -60.2113
475.000000, 92.133, -60.1200
482.000000, 92.086, -60.0223
487.000000, 92.056, -59.9640
494.000000, 92.017, -59.8652
500.000000, 91.984, -59.7820
508.000000, 91.941, -59.6517
515.000000, 91.905, -59.5362
522.000000, 91.872, -59.4221
530.000000, 91.838, -59.2675
538.000000, 91.805, -59.0994
545.000000, 91.778, -58.9704
552.000000, 91.755, -58.8310
560.000000, 91.729, -58.6432
570.000000, 91.697, -58.4005
580.000000, 91.673, -58.1484
590.000000, 91.655, -57.8942
600.000000, 91.637, -57.6550
608.000000, 91.622, -57.4134
615.000000, 91.610, -57.1967
622.000000, 91.602, -56.9783
630.000000, 91.594, -56.7569
640.000000, 91.584, -56.4551
650.000000, 91.577, -56.1300
660.000000, 91.574, -55.8047
670.000000, 91.577, -55.4295
680.000000, 91.587, -55.0466
690.000000, 91.604, -54.6457
700.000000, 91.627, -54.2532
710.000000, 91.654, -53.8594
720.000000, 91.687, -53.4730
730.000000, 91.726, -53.0872
740.000000, 91.771, -52.7180
750.000000, 91.821, -52.3515
762.000000, 91.887, -51.9273
775.000000, 91.962, -51.5222
788.000000, 92.042, -51.1480
800.000000, 92.117, -50.8144
812.000000, 92.197, -50.5137
825.000000, 92.286, -50.2011
838.000000, 92.377, -49.9106
850.000000, 92.461, -49.6749
862.000000, 92.546, -49.4431
875.000000, 92.639, -49.2024
885.000000, 92.713, -49.0252
900.000000, 92.832, -48.7832
912.000000, 92.930, -48.6142
925.000000, 93.037, -48.4442
938.000000, 93.142, -48.2716
950.000000, 93.239, -48.1280
962.000000, 93.337, -48.0122
975.000000, 93.442, -47.9050
988.000000, 93.546, -47.8002
1000.000000, 93.643, -47.7231
1015.000000, 93.765, -47.6579
1030.000000, 93.888, -47.6077
1044.000000, 94.003, -47.5864
1060.000000, 94.134, -47.5945
1075.000000, 94.258, -47.6157
1090.000000, 94.387, -47.6689
1106.000000, 94.533, -47.7574
1120.000000, 94.662, -47.8456
1138.000000, 94.825, -47.9670
1150.000000, 94.932, -48.0621
1172.000000, 95.124, -48.2391
1180.000000, 95.193, -48.3146
1206.000000, 95.414, -48.5714
1220.000000, 95.535, -48.7098
1241.000000, 95.717, -48.9346
1250.000000, 95.794, -49.0320
1265.000000, 95.921, -49.1828
1280.000000, 96.047, -49.3507
1315.000000, 96.335, -49.7378
1320.000000, 96.375, -49.7934
1340.000000, 96.528, -50.0197
1360.000000, 96.661, -50.2384
1380.000000, 96.791, -50.4594
1400.000000, 96.935, -50.6770
1430.000000, 97.153, -51.0098
1450.000000, 97.298, -51.2270
1475.000000, 97.479, -51.5128
1500.000000, 97.659, -51.8049
1525.000000, 97.835, -52.1012
1550.000000, 98.004, -52.4082
1575.000000, 98.169, -52.7262
1600.000000, 98.334, -53.0443
1625.000000, 98.497, -53.3854
1650.000000, 98.658, -53.7303
1675.000000, 98.818, -54.0895
1700.000000, 98.975, -54.4592
1725.000000, 99.129, -54.8489
1750.000000, 99.280, -55.2567
1775.000000, 99.428, -55.6884
1800.000000, 99.572, -56.1341
1825.000000, 99.712, -56.5963
1850.000000, 99.848, -57.0789
1875.000000, 99.979, -57.5740
1900.000000, 100.105, -58.0901
1925.000000, 100.225, -58.6164
1950.000000, 100.338, -59.1565
1975.000000, 100.445, -59.7037
2000.000000, 100.547, -60.2634
2030.000000, 100.662, -60.9375
2060.000000, 100.768, -61.6193
2090.000000, 100.865, -62.2963
2120.000000, 100.954, -62.9621
2140.000000, 101.008, -63.3995
2180.000000, 101.107, -64.2526
2200.000000, 101.149, -64.6709
2240.000000, 101.221, -65.4827
2270.000000, 101.266, -66.0617
2300.000000, 101.303, -66.6077
2330.000000, 101.331, -67.1146
2360.000000, 101.353, -67.5909
2400.000000, 101.371, -68.1690
2430.000000, 101.379, -68.5513
2470.000000, 101.383, -68.9897
2500.000000, 101.382, -69.2578
2540.000000, 101.377, -69.5505
2580.000000, 101.368, -69.7769
2620.000000, 101.356, -69.9356
2650.000000, 101.345, -70.0070
2690.000000, 101.329, -70.0459
2720.000000, 101.316, -70.0329
2760.000000, 101.298, -69.9555
2800.000000, 101.281, -69.8197
2850.000000, 101.262, -69.5776
2900.000000, 101.249, -69.2681
2950.000000, 101.240, -68.9031
3000.000000, 101.237, -68.4946
3040.000000, 101.239, -68.1457
3070.000000, 101.242, -67.8702
3110.000000, 101.249, -67.4954
3150.000000, 101.258, -67.1137
3200.000000, 101.273, -66.6307
3250.000000, 101.292, -66.1503
3300.000000, 101.312, -65.6747
3350.000000, 101.333, -65.2202
3400.000000, 101.355, -64.7781
3450.000000, 101.379, -64.3546
3500.000000, 101.406, -63.9501
3550.000000, 101.433, -63.5612
3600.000000, 101.457, -63.2105
3650.000000, 101.474, -62.9151
3700.000000, 101.478, -62.6466
3750.000000, 101.467, -62.3857
3820.000000, 101.428, -62.0073
3870.000000, 101.380, -61.7095
3950.000000, 101.268, -61.1440
4000.000000, 101.177, -60.7060
4060.000000, 101.048, -60.0593
4120.000000, 100.899, -59.2559
4180.000000, 100.734, -58.2684
4250.000000, 100.524, -56.8318
4310.000000, 100.335, -55.3097
4370.000000, 100.143, -53.5109
4440.000000, 99.928, -51.0651
4500.000000, 99.764, -48.6796
4550.000000, 99.648, -46.4962
4620.000000, 99.531, -43.1606
4680.000000, 99.483, -40.0939
4750.000000, 99.499, -36.3625
4820.000000, 99.601, -32.5737
4870.000000, 99.731, -29.9135
4940.000000, 100.000, -26.4026
5000.000000, 100.301, -23.7737
5080.000000, 100.772, -21.0123
5150.000000, 101.218, -19.3821
5220.000000, 101.663, -18.5761
5300.000000, 102.115, -18.6847
5380.000000, 102.440, -19.7237
5450.000000, 102.581, -21.0865
5520.000000, 102.575, -22.5189
5600.000000, 102.401, -23.8346
5700.000000, 101.999, -24.4780
5800.000000, 101.489, -23.7558
5900.000000, 100.962, -21.7084
6000.000000, 100.481, -18.5602
6080.000000, 100.151, -15.4094
6150.000000, 99.911, -12.2953
6220.000000, 99.720, -8.9262
6300.000000, 99.562, -4.8376
6400.000000, 99.457, 0.5083
6500.000000, 99.453, 6.0170
6600.000000, 99.550, 11.5394
6700.000000, 99.740, 16.9603
6800.000000, 100.023, 22.2673
6900.000000, 100.421, 27.3908
7000.000000, 100.939, 32.2076
7100.000000, 101.556, 36.5882
7200.000000, 102.263, 40.3963
7300.000000, 103.052, 43.4613
7400.000000, 103.908, 45.5837
7500.000000, 104.806, 46.5337
7620.000000, 105.885, 45.8618
7750.000000, 106.916, 42.7944
7880.000000, 107.563, 37.6851
8000.000000, 107.739, 32.0560
8120.000000, 107.522, 26.6922
8250.000000, 106.938, 22.1963
8380.000000, 106.141, 19.5283
8500.000000, 105.331, 18.6247
8620.000000, 104.514, 18.9007
8750.000000, 103.643, 20.1732
8850.000000, 102.985, 21.6601
9000.000000, 102.013, 24.5470
9120.000000, 101.239, 27.3879
9250.000000, 100.400, 31.0440
9380.000000, 99.568, 35.3823
9500.000000, 98.823, 40.0217
9620.000000, 98.118, 45.2518
9750.000000, 97.423, 51.5237
9880.000000, 96.817, 58.3157
10000.000000, 96.341, 64.9272
10150.000000, 95.862, 73.4771
10300.000000, 95.509, 82.1692
10440.000000, 95.287, 90.2596
10600.000000, 95.146, 99.3523
10750.000000, 95.116, 107.6184
10900.000000, 95.176, 115.5171
11060.000000, 95.316, 123.3850
11200.000000, 95.471, 129.7817
11380.000000, 95.694, 137.5703
11500.000000, 95.879, 142.5213
11720.000000, 96.281, 150.4790
11800.000000, 96.420, 152.9691
12060.000000, 96.758, 159.9043
12200.000000, 96.838, 163.1476
12410.000000, 96.800, 167.7947
12500.000000, 96.728, 169.8252
12650.000000, 96.547, 173.3880
12800.000000, 96.304, 177.2775
13150.000000, 95.611, -171.9368
13200.000000, 95.509, -170.1890
13400.000000, 95.118, -162.7065
13600.000000, 94.789, -154.4942
13800.000000, 94.568, -145.7053
14000.000000, 94.490, -136.5073
14300.000000, 94.691, -122.5150
14500.000000, 95.076, -113.5048
14750.000000, 95.905, -103.4754
15000.000000, 97.070, -96.7946
15250.000000, 98.183, -95.0709
15500.000000, 98.866, -97.1036
15750.000000, 99.106, -100.9609
16000.000000, 98.629, -104.3371
16250.000000, 97.882, -104.1923
16500.000000, 96.899, -103.9184
16750.000000, 95.209, -99.8824
17000.000000, 93.532, -90.7086
17250.000000, 92.460, -77.7211
17500.000000, 92.353, -65.7213
17750.000000, 92.515, -58.9496
18000.000000, 92.451, -54.0360
18250.000000, 92.275, -49.7881
18500.000000, 91.962, -46.3863
18750.000000, 91.426, -43.3041
19000.000000, 90.652, -39.6526
19250.000000, 89.695, -34.7827
19500.000000, 88.635, -28.5072
19750.000000, 87.586, -21.0925
20000.000000, 86.559, -13.1243
20300.000000, 85.378, -3.8645
20600.000000, 84.264, 4.0762
20900.000000, 82.994, 10.3627
21200.000000, 81.355, 15.5344
21400.000000, 79.990, 18.8009
21800.000000, 76.524, 25.9604
22000.000000, 74.393, 30.1920
22400.000000, 69.269, 40.4319
22700.000000, 64.618, 49.6459
23000.000000, 59.212, 59.7628
23300.000000, 52.991, 70.2797
23600.000000, 46.023, 80.6096
24000.000000, 38.071, 100.8865
