* Measurement data measured by REW V5.31.3
* Source: Headset (DS by VECLAN.COM), MICROPHONE (Master Volume), L, volume: 0.720. Timing signal peak level -8.4 dBFS, measurement signal peak level -8.4 dBFS
* Format: 2M Log Swept Sine, 1 sweep at -30.6 dBFS using an acoustic timing reference
* Dated: Mar 6, 2025 8:56:06 PM
* REW Settings:
*  C-weighting compensation: Off
*  Target level: 85.0 dB
* Note: ; Fosi DS1 & Abigail Pro Delay -0.0663 ms (-23 mm, -0.9 in) using estimated IR delay relative to Acoustic reference played from SPEAKER R with no timing offset Clock adjustment: -26.3 ppm
* Measurement: Balanced R
* Smoothing: 1/24 octave
* Frequency Step: 1/48 octave
* Start Frequency: 1.000 Hz
*
* Freq(Hz), SPL(dB), Phase(degrees)
1.000000, 80.419, 140.5938
1.015000, 80.682, 140.0527
1.030000, 80.941, 139.5103
1.044000, 81.180, 139.0022
1.060000, 81.447, 138.4185
1.075000, 81.693, 137.8681
1.090000, 81.932, 137.3165
1.106000, 82.183, 136.7404
1.120000, 82.401, 136.2687
1.138000, 82.682, 135.7176
1.150000, 82.870, 135.3820
1.172000, 83.214, 134.8187
1.180000, 83.339, 134.6250
1.206000, 83.744, 134.0422
1.220000, 83.960, 133.7526
1.241000, 84.282, 133.3417
1.250000, 84.419, 133.1725
1.265000, 84.645, 132.8972
1.280000, 84.868, 132.6282
1.315000, 85.377, 132.0125
1.320000, 85.448, 131.9249
1.340000, 85.727, 131.5726
1.360000, 85.999, 131.2162
1.380000, 86.262, 130.8149
1.400000, 86.515, 130.3891
1.430000, 86.874, 129.7280
1.450000, 87.099, 129.2721
1.475000, 87.361, 128.7025
1.500000, 87.602, 128.1774
1.525000, 87.822, 127.7102
1.550000, 88.024, 127.2914
1.575000, 88.210, 126.8930
1.600000, 88.382, 126.4913
1.625000, 88.542, 126.1083
1.650000, 88.694, 125.7359
1.675000, 88.839, 125.3676
1.700000, 88.981, 124.9973
1.725000, 89.120, 124.6201
1.750000, 89.260, 124.2318
1.775000, 89.403, 123.8148
1.800000, 89.552, 123.3532
1.825000, 89.707, 122.8767
1.850000, 89.868, 122.4010
1.875000, 90.029, 121.9479
1.900000, 90.190, 121.5217
1.925000, 90.351, 121.1186
1.950000, 90.510, 120.7342
1.975000, 90.669, 120.3529
2.000000, 90.826, 119.9600
2.030000, 91.014, 119.4970
2.060000, 91.200, 119.0360
2.090000, 91.383, 118.5716
2.120000, 91.565, 118.0988
2.140000, 91.685, 117.7767
2.180000, 91.921, 117.0930
2.200000, 92.037, 116.7250
2.240000, 92.267, 115.9982
2.270000, 92.436, 115.4729
2.300000, 92.604, 114.9645
2.330000, 92.769, 114.4703
2.360000, 92.933, 113.9872
2.400000, 93.147, 113.3170
2.430000, 93.306, 112.8143
2.470000, 93.514, 112.1455
2.500000, 93.667, 111.6411
2.540000, 93.869, 110.9606
2.580000, 94.067, 110.2575
2.620000, 94.261, 109.5298
2.650000, 94.404, 108.9940
2.690000, 94.591, 108.2932
2.720000, 94.729, 107.7773
2.760000, 94.910, 107.1026
2.800000, 95.088, 106.4026
2.850000, 95.304, 105.5332
2.900000, 95.515, 104.6705
2.950000, 95.721, 103.8096
3.000000, 95.921, 102.9262
3.040000, 96.076, 102.2178
3.070000, 96.190, 101.6932
3.110000, 96.340, 101.0042
3.150000, 96.486, 100.3275
3.200000, 96.664, 99.4697
3.250000, 96.837, 98.6161
3.300000, 97.005, 97.7768
3.350000, 97.169, 96.9463
3.400000, 97.327, 96.0979
3.450000, 97.480, 95.2515
3.500000, 97.629, 94.4224
3.550000, 97.773, 93.6150
3.600000, 97.914, 92.8040
3.650000, 98.051, 92.0038
3.700000, 98.184, 91.2186
3.750000, 98.314, 90.4418
3.820000, 98.488, 89.3439
3.870000, 98.608, 88.5725
3.950000, 98.793, 87.3817
4.000000, 98.905, 86.6438
4.060000, 99.036, 85.7716
4.120000, 99.162, 84.9165
4.180000, 99.283, 84.0711
4.250000, 99.419, 83.0833
4.310000, 99.532, 82.2667
4.370000, 99.642, 81.4766
4.440000, 99.767, 80.5584
4.500000, 99.870, 79.7891
4.550000, 99.953, 79.1611
4.620000, 100.067, 78.2817
4.680000, 100.161, 77.5474
4.750000, 100.268, 76.7228
4.820000, 100.373, 75.9053
4.870000, 100.446, 75.3304
4.940000, 100.545, 74.5450
5.000000, 100.627, 73.8765
5.080000, 100.735, 73.0031
5.150000, 100.827, 72.2671
5.220000, 100.917, 71.5320
5.300000, 101.017, 70.7072
5.380000, 101.114, 69.9049
5.450000, 101.196, 69.2047
5.520000, 101.276, 68.5269
5.600000, 101.365, 67.7624
5.700000, 101.472, 66.8175
5.800000, 101.575, 65.9006
5.900000, 101.675, 65.0010
6.000000, 101.773, 64.1240
6.080000, 101.848, 63.4301
6.150000, 101.912, 62.8421
6.220000, 101.975, 62.2533
6.300000, 102.044, 61.5944
6.400000, 102.128, 60.7862
6.500000, 102.209, 59.9888
6.600000, 102.288, 59.2137
6.700000, 102.364, 58.4452
6.800000, 102.439, 57.6943
6.900000, 102.511, 56.9531
7.000000, 102.580, 56.2331
7.100000, 102.646, 55.5220
7.200000, 102.710, 54.8276
7.300000, 102.772, 54.1425
7.400000, 102.833, 53.4750
7.500000, 102.893, 52.8159
7.620000, 102.963, 52.0415
7.750000, 103.035, 51.2214
7.880000, 103.104, 50.4085
8.000000, 103.166, 49.6770
8.120000, 103.225, 48.9545
8.250000, 103.287, 48.1836
8.380000, 103.346, 47.4314
8.500000, 103.397, 46.7490
8.620000, 103.446, 46.0817
8.750000, 103.497, 45.3766
8.850000, 103.535, 44.8457
9.000000, 103.590, 44.0734
9.120000, 103.633, 43.4695
9.250000, 103.678, 42.8310
9.380000, 103.722, 42.2113
9.500000, 103.763, 41.6440
9.620000, 103.803, 41.0901
9.750000, 103.845, 40.4993
9.880000, 103.880, 39.9180
10.000000, 103.903, 39.3951
10.150000, 103.921, 38.7219
10.300000, 103.932, 38.0671
10.440000, 103.937, 37.4709
10.600000, 103.939, 36.8063
10.750000, 103.941, 36.1982
10.900000, 103.943, 35.6049
11.060000, 103.946, 34.9582
11.200000, 103.950, 34.3614
11.380000, 103.951, 33.6182
11.500000, 103.950, 33.1386
11.720000, 103.946, 32.2939
11.800000, 103.945, 31.9987
12.060000, 103.944, 31.0608
12.200000, 103.947, 30.5458
12.410000, 103.953, 29.8063
12.500000, 103.955, 29.5008
12.650000, 103.958, 29.0060
12.800000, 103.961, 28.5278
13.150000, 103.968, 27.4206
13.200000, 103.970, 27.2592
13.400000, 103.977, 26.6280
13.600000, 103.985, 26.0198
13.800000, 103.993, 25.4344
14.000000, 104.000, 24.8676
14.300000, 104.011, 23.9909
14.500000, 104.018, 23.4319
14.750000, 104.024, 22.7634
15.000000, 104.033, 22.1233
15.250000, 104.046, 21.4590
15.500000, 104.062, 20.8165
15.750000, 104.075, 20.1960
16.000000, 104.088, 19.5946
16.250000, 104.099, 18.9672
16.500000, 104.109, 18.3590
16.750000, 104.117, 17.7725
17.000000, 104.126, 17.2048
17.250000, 104.134, 16.6266
17.500000, 104.142, 16.0692
17.750000, 104.148, 15.5365
18.000000, 104.154, 15.0238
18.250000, 104.161, 14.5005
18.500000, 104.168, 13.9911
18.750000, 104.175, 13.4950
19.000000, 104.184, 13.0069
19.250000, 104.194, 12.4944
19.500000, 104.204, 11.9857
19.750000, 104.211, 11.4831
20.000000, 104.217, 10.9909
20.299999, 104.220, 10.3887
20.600000, 104.221, 9.8190
20.900000, 104.221, 9.2859
21.200001, 104.222, 8.7661
21.400000, 104.224, 8.4261
21.799999, 104.229, 7.7606
22.000000, 104.233, 7.4263
22.400000, 104.241, 6.7201
22.700001, 104.245, 6.1857
23.000000, 104.244, 5.6563
23.299999, 104.241, 5.1288
23.600000, 104.235, 4.6254
24.000000, 104.226, 3.9961
24.299999, 104.222, 3.5331
24.700001, 104.217, 2.9379
25.000000, 104.215, 2.5028
25.400000, 104.211, 1.9150
25.799999, 104.206, 1.3436
26.200001, 104.200, 0.7778
26.500000, 104.195, 0.3553
26.900000, 104.188, -0.1934
27.200001, 104.183, -0.6036
27.600000, 104.176, -1.1455
28.000000, 104.167, -1.6742
28.500000, 104.154, -2.3380
29.000000, 104.140, -2.9751
29.500000, 104.126, -3.5952
30.000000, 104.110, -4.2046
30.400000, 104.095, -4.7032
30.700001, 104.083, -5.0694
31.100000, 104.066, -5.5456
31.500000, 104.049, -6.0124
32.000000, 104.028, -6.5764
32.500000, 104.008, -7.1367
33.000000, 103.988, -7.6921
33.500000, 103.967, -8.2650
34.000000, 103.946, -8.8253
34.500000, 103.925, -9.3616
35.000000, 103.905, -9.8749
35.500000, 103.885, -10.3834
36.000000, 103.866, -10.8854
36.500000, 103.847, -11.3888
37.000000, 103.825, -11.8803
37.500000, 103.801, -12.3615
38.200001, 103.768, -13.0027
38.700001, 103.747, -13.4608
39.500000, 103.710, -14.2099
40.000000, 103.682, -14.6670
40.599998, 103.647, -15.2051
41.200001, 103.613, -15.7138
41.799999, 103.581, -16.2179
42.500000, 103.544, -16.8110
43.099998, 103.511, -17.3096
43.700001, 103.480, -17.7837
44.400002, 103.445, -18.3319
45.000000, 103.416, -18.7919
45.500000, 103.393, -19.1569
46.200001, 103.362, -19.6803
46.799999, 103.335, -20.1563
47.500000, 103.297, -20.6934
48.200001, 103.256, -21.1979
48.700001, 103.227, -21.5414
49.400002, 103.187, -22.0073
50.000000, 103.154, -22.4013
50.799999, 103.112, -22.9413
51.500000, 103.073, -23.4388
52.200001, 103.033, -23.9281
53.000000, 102.987, -24.4397
53.799999, 102.943, -24.9408
54.500000, 102.909, -25.3625
55.200001, 102.874, -25.7831
56.000000, 102.832, -26.2029
57.000000, 102.799, -26.6481
58.000000, 102.768, -27.3194
59.000000, 102.698, -27.9564
60.000000, 102.628, -28.4557
60.799999, 102.569, -28.9244
61.500000, 102.511, -29.2810
62.200001, 102.457, -29.5975
63.000000, 102.402, -29.9798
64.000000, 102.336, -30.4122
65.000000, 102.279, -30.9313
66.000000, 102.222, -31.4630
67.000000, 102.166, -31.9119
68.000000, 102.113, -32.4045
69.000000, 102.053, -32.8737
70.000000, 101.994, -33.2656
71.000000, 101.941, -33.6876
72.000000, 101.885, -34.1377
73.000000, 101.828, -34.5421
74.000000, 101.773, -34.9630
75.000000, 101.716, -35.3995
76.199997, 101.645, -35.8896
77.500000, 101.569, -36.3580
78.800003, 101.497, -36.7988
80.000000, 101.429, -37.2404
81.199997, 101.361, -37.6731
82.500000, 101.286, -38.1442
83.800003, 101.210, -38.5749
85.000000, 101.140, -38.9505
86.199997, 101.073, -39.3385
87.500000, 101.002, -39.7101
88.500000, 100.950, -40.0201
90.000000, 100.869, -40.5105
91.199997, 100.806, -40.9069
92.500000, 100.741, -41.2722
93.800003, 100.675, -41.6227
95.000000, 100.614, -41.9735
96.199997, 100.549, -42.2891
97.500000, 100.479, -42.5807
98.800003, 100.411, -42.8806
100.000000, 100.351, -43.1943
101.500000, 100.274, -43.6311
103.000000, 100.193, -44.0117
104.400002, 100.121, -44.3287
106.000000, 100.040, -44.6987
107.500000, 99.962, -45.0358
109.000000, 99.885, -45.3412
110.599998, 99.806, -45.7176
112.000000, 99.735, -46.0186
113.800003, 99.647, -46.3438
115.000000, 99.588, -46.5665
117.199997, 99.474, -46.9911
118.000000, 99.429, -47.1356
120.599998, 99.298, -47.5209
122.000000, 99.242, -47.8115
124.099998, 99.154, -48.2827
125.000000, 99.117, -48.4532
126.500000, 99.058, -48.6501
128.000000, 98.997, -48.8861
131.500000, 98.838, -49.3955
132.000000, 98.815, -49.4692
134.000000, 98.726, -49.7831
136.000000, 98.642, -50.0901
138.000000, 98.565, -50.3720
140.000000, 98.490, -50.6367
143.000000, 98.375, -51.0287
145.000000, 98.295, -51.3096
147.500000, 98.194, -51.6465
150.000000, 98.096, -51.9085
152.500000, 98.008, -52.1568
155.000000, 97.921, -52.4193
157.500000, 97.828, -52.6637
160.000000, 97.727, -52.9721
162.500000, 97.626, -53.2625
165.000000, 97.545, -53.4813
167.500000, 97.463, -53.6984
170.000000, 97.369, -53.8892
172.500000, 97.270, -54.1461
175.000000, 97.179, -54.4032
177.500000, 97.101, -54.5327
180.000000, 97.022, -54.6416
182.500000, 96.935, -54.6627
185.000000, 96.854, -54.7085
187.500000, 96.781, -54.7989
190.000000, 96.706, -54.9739
192.500000, 96.631, -55.1455
195.000000, 96.561, -55.2602
197.500000, 96.498, -55.3775
200.000000, 96.443, -55.5474
203.000000, 96.371, -55.8165
206.000000, 96.293, -56.0404
209.000000, 96.209, -56.2694
212.000000, 96.121, -56.5121
214.000000, 96.065, -56.6545
218.000000, 95.956, -56.8778
220.000000, 95.901, -56.9793
224.000000, 95.792, -57.1595
227.000000, 95.712, -57.3151
230.000000, 95.637, -57.4611
233.000000, 95.561, -57.5772
236.000000, 95.488, -57.6944
240.000000, 95.393, -57.8582
243.000000, 95.320, -57.9361
247.000000, 95.224, -58.0398
250.000000, 95.154, -58.1367
254.000000, 95.063, -58.2450
258.000000, 94.974, -58.3216
262.000000, 94.889, -58.4057
265.000000, 94.827, -58.4693
269.000000, 94.746, -58.5481
272.000000, 94.688, -58.6035
276.000000, 94.614, -58.6933
280.000000, 94.545, -58.7801
285.000000, 94.458, -58.8789
290.000000, 94.373, -58.9950
295.000000, 94.292, -59.0603
300.000000, 94.211, -59.1319
304.000000, 94.143, -59.2287
307.000000, 94.093, -59.2696
311.000000, 94.030, -59.3102
315.000000, 93.970, -59.3594
320.000000, 93.896, -59.4164
325.000000, 93.823, -59.4456
330.000000, 93.752, -59.4881
335.000000, 93.685, -59.5076
340.000000, 93.619, -59.5385
345.000000, 93.553, -59.5562
350.000000, 93.488, -59.5850
355.000000, 93.424, -59.6222
360.000000, 93.361, -59.6244
365.000000, 93.299, -59.6056
370.000000, 93.237, -59.6011
375.000000, 93.175, -59.6151
382.000000, 93.091, -59.6022
387.000000, 93.035, -59.5777
395.000000, 92.947, -59.5472
400.000000, 92.894, -59.5172
406.000000, 92.833, -59.4907
412.000000, 92.774, -59.4645
418.000000, 92.716, -59.4192
425.000000, 92.647, -59.3641
431.000000, 92.589, -59.2910
437.000000, 92.531, -59.2386
444.000000, 92.469, -59.1740
450.000000, 92.422, -59.1308
455.000000, 92.383, -59.0762
462.000000, 92.330, -58.9879
468.000000, 92.286, -58.9135
475.000000, 92.239, -58.8215
482.000000, 92.196, -58.7176
487.000000, 92.167, -58.6367
494.000000, 92.130, -58.5142
500.000000, 92.099, -58.4110
508.000000, 92.059, -58.2622
515.000000, 92.024, -58.1378
522.000000, 91.991, -58.0199
530.000000, 91.958, -57.8621
538.000000, 91.928, -57.6982
545.000000, 91.903, -57.5790
552.000000, 91.880, -57.4505
560.000000, 91.854, -57.2894
570.000000, 91.820, -57.0720
580.000000, 91.790, -56.8246
590.000000, 91.764, -56.5332
600.000000, 91.741, -56.2552
608.000000, 91.724, -56.0057
615.000000, 91.709, -55.7769
622.000000, 91.696, -55.5345
630.000000, 91.684, -55.2662
640.000000, 91.674, -54.9027
650.000000, 91.670, -54.5206
660.000000, 91.669, -54.1334
670.000000, 91.673, -53.7300
680.000000, 91.684, -53.3358
690.000000, 91.702, -52.9322
700.000000, 91.725, -52.5121
710.000000, 91.755, -52.0575
720.000000, 91.792, -51.6325
730.000000, 91.833, -51.2124
740.000000, 91.880, -50.8154
750.000000, 91.931, -50.4280
762.000000, 91.996, -49.9833
775.000000, 92.073, -49.5418
788.000000, 92.155, -49.1274
800.000000, 92.233, -48.7638
812.000000, 92.314, -48.4297
825.000000, 92.404, -48.0881
838.000000, 92.495, -47.7780
850.000000, 92.582, -47.4975
862.000000, 92.670, -47.2196
875.000000, 92.766, -46.9493
885.000000, 92.842, -46.7591
900.000000, 92.960, -46.4630
912.000000, 93.059, -46.2479
925.000000, 93.172, -46.0734
938.000000, 93.285, -45.8995
950.000000, 93.387, -45.7233
962.000000, 93.487, -45.5795
975.000000, 93.594, -45.4544
988.000000, 93.701, -45.3315
1000.000000, 93.801, -45.2342
1015.000000, 93.926, -45.1442
1030.000000, 94.052, -45.0763
1044.000000, 94.169, -45.0356
1060.000000, 94.302, -45.0154
1075.000000, 94.427, -45.0133
1090.000000, 94.556, -45.0377
1106.000000, 94.703, -45.0834
1120.000000, 94.833, -45.1384
1138.000000, 94.999, -45.2348
1150.000000, 95.107, -45.3104
1172.000000, 95.302, -45.4456
1180.000000, 95.372, -45.5060
1206.000000, 95.598, -45.7165
1220.000000, 95.721, -45.8327
1241.000000, 95.905, -46.0258
1250.000000, 95.984, -46.1095
1265.000000, 96.113, -46.2383
1280.000000, 96.242, -46.3860
1315.000000, 96.537, -46.7263
1320.000000, 96.578, -46.7749
1340.000000, 96.735, -46.9727
1360.000000, 96.871, -47.1640
1380.000000, 97.005, -47.3598
1400.000000, 97.152, -47.5547
1430.000000, 97.376, -47.8563
1450.000000, 97.524, -48.0526
1475.000000, 97.709, -48.3115
1500.000000, 97.892, -48.5724
1525.000000, 98.070, -48.8375
1550.000000, 98.243, -49.1144
1575.000000, 98.412, -49.4022
1600.000000, 98.579, -49.6904
1625.000000, 98.745, -50.0066
1650.000000, 98.909, -50.3314
1675.000000, 99.071, -50.6707
1700.000000, 99.230, -51.0207
1725.000000, 99.386, -51.3886
1750.000000, 99.538, -51.7710
1775.000000, 99.688, -52.1789
1800.000000, 99.835, -52.6012
1825.000000, 99.978, -53.0418
1850.000000, 100.116, -53.5059
1875.000000, 100.248, -53.9827
1900.000000, 100.375, -54.4790
1925.000000, 100.495, -54.9833
1950.000000, 100.608, -55.4966
1975.000000, 100.716, -56.0127
2000.000000, 100.818, -56.5369
2030.000000, 100.935, -57.1638
2060.000000, 101.043, -57.8015
2090.000000, 101.142, -58.4420
2120.000000, 101.232, -59.0755
2140.000000, 101.287, -59.4910
2180.000000, 101.386, -60.3044
2200.000000, 101.428, -60.7036
2240.000000, 101.500, -61.4709
2270.000000, 101.543, -62.0111
2300.000000, 101.577, -62.5147
2330.000000, 101.604, -62.9750
2360.000000, 101.624, -63.3988
2400.000000, 101.643, -63.9049
2430.000000, 101.652, -64.2335
2470.000000, 101.655, -64.6081
2500.000000, 101.653, -64.8356
2540.000000, 101.645, -65.0673
2580.000000, 101.632, -65.2166
2620.000000, 101.616, -65.2927
2650.000000, 101.603, -65.2995
2690.000000, 101.582, -65.2474
2720.000000, 101.565, -65.1568
2760.000000, 101.541, -64.9556
2800.000000, 101.520, -64.6776
2850.000000, 101.496, -64.2424
2900.000000, 101.476, -63.6901
2950.000000, 101.466, -63.0017
3000.000000, 101.476, -62.1751
3040.000000, 101.508, -61.4733
3070.000000, 101.548, -60.9732
3110.000000, 101.617, -60.4125
3150.000000, 101.690, -59.9991
3200.000000, 101.772, -59.6452
3250.000000, 101.835, -59.3846
3300.000000, 101.880, -59.1390
3350.000000, 101.910, -58.8797
3400.000000, 101.934, -58.5829
3450.000000, 101.957, -58.2645
3500.000000, 101.977, -57.9419
3550.000000, 101.990, -57.5948
3600.000000, 101.997, -57.2055
3650.000000, 102.003, -56.7882
3700.000000, 102.010, -56.3709
3750.000000, 102.014, -55.9939
3820.000000, 102.002, -55.5471
3870.000000, 101.971, -55.2602
3950.000000, 101.878, -54.7814
4000.000000, 101.792, -54.4211
4060.000000, 101.661, -53.8730
4120.000000, 101.501, -53.1522
4180.000000, 101.315, -52.2009
4250.000000, 101.074, -50.7163
4310.000000, 100.860, -49.0700
4370.000000, 100.649, -47.0903
4440.000000, 100.424, -44.4083
4500.000000, 100.260, -41.8271
4550.000000, 100.148, -39.4980
4620.000000, 100.035, -35.9866
4680.000000, 99.989, -32.7723
4750.000000, 100.005, -28.8343
4820.000000, 100.111, -24.7997
4870.000000, 100.249, -21.9590
4940.000000, 100.533, -18.2026
5000.000000, 100.849, -15.3689
5080.000000, 101.345, -12.3340
5150.000000, 101.821, -10.4734
5220.000000, 102.304, -9.4645
5300.000000, 102.806, -9.4046
5380.000000, 103.184, -10.3632
5450.000000, 103.369, -11.7328
5520.000000, 103.399, -13.2310
5600.000000, 103.256, -14.6640
5700.000000, 102.873, -15.4624
5800.000000, 102.368, -14.8544
5900.000000, 101.836, -12.8692
6000.000000, 101.341, -9.7206
6080.000000, 100.998, -6.5059
6150.000000, 100.749, -3.2811
6220.000000, 100.553, 0.2428
6300.000000, 100.399, 4.5376
6400.000000, 100.311, 10.1386
6500.000000, 100.335, 15.8552
6600.000000, 100.464, 21.5269
6700.000000, 100.689, 27.0527
6800.000000, 101.009, 32.3966
6900.000000, 101.442, 37.4682
7000.000000, 101.982, 42.1609
7100.000000, 102.611, 46.3628
7200.000000, 103.314, 49.9456
7300.000000, 104.076, 52.7414
7400.000000, 104.873, 54.5829
7500.000000, 105.670, 55.3414
7620.000000, 106.573, 54.7824
7750.000000, 107.389, 52.5514
7880.000000, 107.867, 49.1323
8000.000000, 107.989, 45.5715
8120.000000, 107.838, 42.3280
8250.000000, 107.433, 39.7885
8380.000000, 106.876, 38.5495
8500.000000, 106.304, 38.5363
8620.000000, 105.719, 39.3989
8750.000000, 105.090, 41.0635
8850.000000, 104.610, 42.7144
9000.000000, 103.891, 45.6676
9120.000000, 103.308, 48.4376
9250.000000, 102.661, 51.9151
9380.000000, 102.006, 55.9962
9500.000000, 101.408, 60.3689
9620.000000, 100.840, 65.3365
9750.000000, 100.284, 71.3490
9880.000000, 99.814, 77.9171
10000.000000, 99.464, 84.3563
10150.000000, 99.149, 92.7295
10300.000000, 98.972, 101.2636
10440.000000, 98.926, 109.1871
10600.000000, 99.001, 118.0520
10750.000000, 99.192, 126.0639
10900.000000, 99.490, 133.6477
11060.000000, 99.906, 141.0829
11200.000000, 100.324, 146.9876
11380.000000, 100.917, 153.9124
11500.000000, 101.368, 158.1169
11720.000000, 102.291, 164.3156
11800.000000, 102.629, 166.0151
12060.000000, 103.644, 169.7174
12200.000000, 104.102, 170.7521
12410.000000, 104.649, 171.3465
12500.000000, 104.835, 171.3049
12650.000000, 105.089, 170.8468
12800.000000, 105.273, 169.8417
13150.000000, 105.312, 164.6796
13200.000000, 105.245, 163.5964
13400.000000, 104.696, 158.7138
13600.000000, 103.612, 154.0172
13800.000000, 102.004, 151.1580
14000.000000, 100.031, 151.4781
14300.000000, 96.851, 158.6924
14500.000000, 94.832, 167.6280
14750.000000, 92.655, -176.8823
15000.000000, 91.253, -157.8655
15250.000000, 90.855, -140.3591
15500.000000, 90.878, -128.1277
15750.000000, 90.821, -118.7465
16000.000000, 90.490, -108.8788
16250.000000, 90.455, -96.3476
16500.000000, 90.491, -87.1075
16750.000000, 89.978, -76.7561
17000.000000, 89.565, -63.2636
17250.000000, 89.790, -47.5950
17500.000000, 90.931, -34.4453
17750.000000, 92.243, -27.9318
18000.000000, 93.323, -24.8245
18250.000000, 94.220, -24.2585
18500.000000, 94.781, -26.2386
18750.000000, 94.860, -29.6184
19000.000000, 94.467, -32.9812
19250.000000, 93.695, -35.6184
19500.000000, 92.601, -37.4952
19750.000000, 91.209, -38.6748
20000.000000, 89.447, -38.8281
20300.000000, 86.844, -36.8090
20600.000000, 83.939, -31.7215
20900.000000, 80.885, -23.6497
21200.000000, 77.749, -13.1762
21400.000000, 75.613, -5.1665
21800.000000, 71.168, 12.7810
22000.000000, 68.819, 22.4564
22400.000000, 63.741, 42.3071
22700.000000, 59.438, 56.7412
23000.000000, 54.511, 70.0294
23300.000000, 48.815, 81.6324
23600.000000, 42.480, 91.6025
24000.000000, 35.942, 113.5782
