* Measurement data measured by REW V5.31.3
* Source: Analog 1/2 (E2x2), LINE_IN (Master Volume), L, volume: 1.000. Timing signal peak level -38.0 dBFS, measurement signal peak level -21.5 dBFS
* Format: 2M Log Swept Sine, 1 sweep at -42.2 dBFS using an acoustic timing reference
* Dated: Feb 18, 2025 7:37:25 PM
* REW Settings:
*  C-weighting compensation: Off
*  Target level: 85.0 dB
* Note: ; E2x2 Delay -0.0187 ms (-6.4 mm, -0.25 in) using estimated IR delay relative to Acoustic reference played from LINE_OUT L with no timing offset
* Measurement: L
* Smoothing: 1/24 octave
* Frequency Step: 1/48 octave
* Start Frequency: 1.000 Hz
*
* Freq(Hz), SPL(dB), Phase(degrees)
1.000000, 32.344, 150.1955
1.015000, 33.123, 151.3248
1.030000, 33.855, 152.3838
1.044000, 34.489, 153.3139
1.060000, 35.142, 154.3124
1.075000, 35.677, 155.1889
1.090000, 36.130, 156.0096
1.106000, 36.530, 156.8248
1.120000, 36.834, 157.4906
1.138000, 37.181, 158.2943
1.150000, 37.389, 158.8049
1.172000, 37.725, 159.5926
1.180000, 37.834, 159.7555
1.206000, 38.140, 160.2790
1.220000, 38.279, 160.5578
1.241000, 38.456, 160.9801
1.250000, 38.522, 161.1644
1.265000, 38.619, 161.4780
1.280000, 38.703, 161.8011
1.315000, 38.855, 162.6001
1.320000, 38.873, 162.7199
1.340000, 38.938, 163.2146
1.360000, 38.995, 163.7397
1.380000, 39.048, 164.1247
1.400000, 39.103, 164.4719
1.430000, 39.196, 165.0401
1.450000, 39.270, 165.4463
1.475000, 39.377, 165.9620
1.500000, 39.481, 166.4352
1.525000, 39.572, 166.8539
1.550000, 39.650, 167.2331
1.575000, 39.716, 167.4969
1.600000, 39.769, 167.5857
1.625000, 39.812, 167.6792
1.650000, 39.844, 167.7882
1.675000, 39.867, 167.9226
1.700000, 39.880, 168.0912
1.725000, 39.885, 168.3018
1.750000, 39.883, 168.5622
1.775000, 39.874, 168.8163
1.800000, 39.858, 169.0091
1.825000, 39.837, 169.2619
1.850000, 39.809, 169.5341
1.875000, 39.773, 169.7773
1.900000, 39.728, 169.9827
1.925000, 39.676, 170.1607
1.950000, 39.614, 170.3261
1.975000, 39.545, 170.4272
2.000000, 39.468, 170.4340
2.030000, 39.365, 170.4801
2.060000, 39.252, 170.5907
2.090000, 39.128, 170.7921
2.120000, 38.994, 171.1121
2.140000, 38.899, 171.4052
2.180000, 38.696, 172.1541
2.200000, 38.584, 172.5828
2.240000, 38.322, 173.5876
2.270000, 38.088, 174.4301
2.300000, 37.829, 175.3564
2.330000, 37.555, 176.3857
2.360000, 37.272, 177.5394
2.400000, 36.900, 179.1763
2.430000, 36.637, -179.4010
2.470000, 36.323, -177.1646
2.500000, 36.128, -175.1992
2.540000, 35.937, -172.1546
2.580000, 35.831, -168.6292
2.620000, 35.788, -164.6216
2.650000, 35.788, -161.2574
2.690000, 35.830, -156.3981
2.720000, 35.894, -152.5732
2.760000, 36.020, -147.4123
2.800000, 36.197, -142.5126
2.850000, 36.487, -136.9750
2.900000, 36.860, -132.3640
2.950000, 37.332, -128.6664
3.000000, 37.936, -125.5674
3.040000, 38.505, -123.4294
3.070000, 38.968, -122.0397
3.110000, 39.617, -120.4996
3.150000, 40.282, -119.3311
3.200000, 41.102, -118.4633
3.250000, 41.872, -118.2032
3.300000, 42.567, -118.4699
3.350000, 43.204, -119.0903
3.400000, 43.810, -119.9680
3.450000, 44.389, -121.0071
3.500000, 44.944, -122.1646
3.550000, 45.472, -123.4428
3.600000, 45.974, -124.9125
3.650000, 46.450, -126.5730
3.700000, 46.898, -128.4265
3.750000, 47.317, -130.4446
3.820000, 47.858, -133.4844
3.870000, 48.216, -135.7010
3.950000, 48.744, -139.2349
4.000000, 49.051, -141.4865
4.060000, 49.396, -144.3013
4.120000, 49.712, -147.3090
4.180000, 49.999, -150.4587
4.250000, 50.300, -154.2071
4.310000, 50.530, -157.3420
4.370000, 50.736, -160.3909
4.440000, 50.947, -164.0174
4.500000, 51.101, -167.2957
4.550000, 51.211, -170.1152
4.620000, 51.335, -174.1069
4.680000, 51.413, -177.4317
4.750000, 51.470, 178.8793
4.820000, 51.494, 175.1945
4.870000, 51.491, 172.4554
4.940000, 51.456, 168.5236
5.000000, 51.393, 165.1585
5.080000, 51.257, 160.8952
5.150000, 51.087, 157.4453
5.220000, 50.878, 154.0059
5.300000, 50.586, 149.9846
5.380000, 50.217, 146.0548
5.450000, 49.811, 142.9111
5.520000, 49.316, 140.2119
5.600000, 48.642, 137.4930
5.700000, 47.654, 134.5653
5.800000, 46.524, 132.7312
5.900000, 45.173, 133.1178
6.000000, 43.439, 137.0461
6.080000, 42.010, 143.8608
6.150000, 41.063, 153.2156
6.220000, 40.722, 165.2292
6.300000, 41.255, 179.9626
6.400000, 42.943, -165.1013
6.500000, 44.993, -156.6307
6.600000, 46.830, -153.2733
6.700000, 48.427, -152.9066
6.800000, 49.907, -154.0478
6.900000, 51.236, -156.0553
7.000000, 52.367, -158.7145
7.100000, 53.307, -161.9021
7.200000, 54.099, -165.2880
7.300000, 54.789, -168.6608
7.400000, 55.392, -172.0667
7.500000, 55.902, -175.5786
7.620000, 56.411, -179.6724
7.750000, 56.863, 176.2196
7.880000, 57.212, 172.2565
8.000000, 57.460, 168.8568
8.120000, 57.656, 165.8461
8.250000, 57.809, 162.9148
8.380000, 57.925, 160.3375
8.500000, 58.017, 158.3463
8.620000, 58.096, 156.6845
8.750000, 58.186, 155.1529
8.850000, 58.268, 154.1407
9.000000, 58.413, 152.8725
9.120000, 58.547, 151.9328
9.250000, 58.711, 150.8938
9.380000, 58.891, 149.8315
9.500000, 59.057, 148.7692
9.620000, 59.216, 147.5878
9.750000, 59.374, 146.2011
9.880000, 59.498, 144.7529
10.000000, 59.573, 143.3703
10.150000, 59.616, 141.5981
10.300000, 59.605, 139.9563
10.440000, 59.546, 138.5727
10.600000, 59.440, 137.2560
10.750000, 59.319, 136.3785
10.900000, 59.188, 135.8419
11.060000, 59.065, 135.6347
11.200000, 58.980, 135.7372
11.380000, 58.921, 136.1301
11.500000, 58.921, 136.4937
11.720000, 58.994, 137.1726
11.800000, 59.041, 137.3657
12.060000, 59.247, 137.7175
12.200000, 59.371, 137.6864
12.410000, 59.558, 137.4434
12.500000, 59.633, 137.2987
12.650000, 59.750, 137.0259
12.800000, 59.863, 136.7571
13.150000, 60.132, 136.2544
13.200000, 60.176, 136.1922
13.400000, 60.367, 135.9600
13.600000, 60.590, 135.6718
13.800000, 60.842, 135.2534
14.000000, 61.108, 134.6365
14.300000, 61.504, 133.2913
14.500000, 61.745, 132.1900
14.750000, 62.011, 130.7134
15.000000, 62.237, 129.2462
15.250000, 62.436, 127.8743
15.500000, 62.618, 126.6657
15.750000, 62.792, 125.6205
16.000000, 62.959, 124.7124
16.250000, 63.116, 123.9134
16.500000, 63.259, 123.2772
16.750000, 63.392, 122.8636
17.000000, 63.529, 122.7213
17.250000, 63.688, 122.8190
17.500000, 63.889, 123.0749
17.750000, 64.141, 123.3044
18.000000, 64.431, 123.3154
18.250000, 64.733, 122.9619
18.500000, 65.011, 122.2355
18.750000, 65.238, 121.2345
19.000000, 65.396, 120.1169
19.250000, 65.484, 119.0657
19.500000, 65.517, 118.2465
19.750000, 65.524, 117.7391
20.000000, 65.527, 117.5266
20.299999, 65.549, 117.4922
20.600000, 65.592, 117.5015
20.900000, 65.632, 117.4229
21.200001, 65.635, 117.3030
21.400000, 65.610, 117.3060
21.799999, 65.522, 117.8221
22.000000, 65.489, 118.4037
22.400000, 65.523, 120.0191
22.700001, 65.669, 121.2144
23.000000, 65.897, 121.9829
23.299999, 66.156, 122.1431
23.600000, 66.397, 121.7607
24.000000, 66.651, 120.7624
24.299999, 66.798, 119.8928
24.700001, 66.972, 118.7417
25.000000, 67.104, 117.8373
25.400000, 67.275, 116.4328
25.799999, 67.403, 114.8167
26.200001, 67.458, 113.2316
26.500000, 67.456, 112.2810
26.900000, 67.433, 111.5408
27.200001, 67.436, 111.3829
27.600000, 67.498, 111.5151
28.000000, 67.632, 111.7412
28.500000, 67.852, 111.8203
29.000000, 68.067, 111.6596
29.500000, 68.241, 111.4903
30.000000, 68.377, 111.6125
30.400000, 68.483, 112.0448
30.700001, 68.583, 112.5542
31.100000, 68.763, 113.3318
31.500000, 69.002, 113.9547
32.000000, 69.343, 114.1310
32.500000, 69.643, 113.5251
33.000000, 69.831, 112.4737
33.500000, 69.900, 111.5260
34.000000, 69.913, 111.0604
34.500000, 69.951, 110.9758
35.000000, 70.035, 110.8280
35.500000, 70.108, 110.4148
36.000000, 70.128, 110.1245
36.500000, 70.173, 110.4150
37.000000, 70.384, 110.8688
37.500000, 70.757, 110.2042
38.200001, 71.115, 106.5310
38.700001, 70.982, 103.6532
39.500000, 70.412, 103.7367
40.000000, 70.429, 106.7089
40.599998, 70.972, 109.0030
41.200001, 71.502, 108.3459
41.799999, 71.699, 106.9996
42.500000, 71.733, 107.1430
43.099998, 71.846, 108.5387
43.700001, 72.072, 110.2063
44.400002, 72.461, 111.7376
45.000000, 72.845, 111.9556
45.500000, 73.093, 111.2674
46.200001, 73.247, 109.8371
46.799999, 73.279, 108.8105
47.500000, 73.296, 107.7249
48.200001, 73.282, 106.6602
48.700001, 73.273, 106.0557
49.400002, 73.305, 105.3498
50.000000, 73.348, 104.8413
50.799999, 73.429, 104.8156
51.500000, 73.613, 105.3280
52.200001, 73.870, 105.6029
53.000000, 74.094, 105.5230
53.799999, 74.172, 105.8001
54.500000, 74.194, 106.7888
55.200001, 74.263, 107.7352
56.000000, 74.214, 108.0110
57.000000, 73.903, 110.7877
58.000000, 74.372, 114.8561
59.000000, 74.984, 112.5120
60.000000, 75.082, 109.6539
60.799999, 75.294, 108.2729
61.500000, 75.488, 106.3539
62.200001, 75.538, 104.6451
63.000000, 75.554, 103.9604
64.000000, 75.686, 103.9394
65.000000, 75.820, 103.6116
66.000000, 75.825, 103.3086
67.000000, 75.863, 104.2090
68.000000, 76.205, 104.3901
69.000000, 76.464, 102.4887
70.000000, 76.539, 101.5240
71.000000, 76.753, 102.0912
72.000000, 77.184, 103.0458
73.000000, 77.691, 102.3219
74.000000, 77.744, 100.7118
75.000000, 77.594, 102.3752
76.199997, 77.883, 104.2631
77.500000, 77.955, 103.2177
78.800003, 77.906, 103.4396
80.000000, 78.076, 103.8013
81.199997, 78.325, 103.1992
82.500000, 78.480, 102.7307
83.800003, 78.659, 103.1809
85.000000, 78.813, 103.4937
86.199997, 78.917, 104.0210
87.500000, 79.037, 104.6214
88.500000, 79.122, 105.2487
90.000000, 79.498, 106.5690
91.199997, 79.840, 105.1349
92.500000, 79.785, 103.4110
93.800003, 79.712, 103.8910
95.000000, 79.814, 104.1805
96.199997, 79.941, 103.7641
97.500000, 80.083, 103.1109
98.800003, 80.261, 102.5660
100.000000, 80.469, 102.2515
101.500000, 80.694, 101.7065
103.000000, 80.782, 102.1533
104.400002, 80.959, 103.1916
106.000000, 81.148, 102.8406
107.500000, 81.226, 102.4719
109.000000, 81.368, 102.1914
110.599998, 81.542, 102.1488
112.000000, 81.688, 102.2301
113.800003, 81.771, 102.3979
115.000000, 81.799, 102.5190
117.199997, 81.985, 101.6800
118.000000, 82.083, 100.6785
120.599998, 82.153, 99.0546
122.000000, 82.383, 100.3542
124.099998, 82.766, 101.4714
125.000000, 82.885, 101.9168
126.500000, 83.050, 102.2566
128.000000, 83.166, 102.1459
131.500000, 83.488, 101.7309
132.000000, 83.542, 101.7004
134.000000, 83.746, 101.7694
136.000000, 83.947, 102.1082
138.000000, 84.179, 102.0584
140.000000, 84.350, 101.5687
143.000000, 84.586, 101.3131
145.000000, 84.744, 101.0807
147.500000, 84.945, 100.9094
150.000000, 85.191, 100.8199
152.500000, 85.419, 100.6217
155.000000, 85.613, 100.5733
157.500000, 85.815, 100.4374
160.000000, 86.023, 100.1015
162.500000, 86.233, 99.9310
165.000000, 86.452, 99.7815
167.500000, 86.652, 99.5309
170.000000, 86.861, 99.2487
172.500000, 87.073, 98.8594
175.000000, 87.256, 98.5980
177.500000, 87.443, 98.7944
180.000000, 87.685, 99.0081
182.500000, 87.880, 98.6337
185.000000, 88.006, 98.3497
187.500000, 88.176, 98.0613
190.000000, 88.379, 97.5729
192.500000, 88.551, 97.2016
195.000000, 88.703, 97.0321
197.500000, 88.883, 96.7888
200.000000, 89.093, 96.4154
203.000000, 89.329, 96.1624
206.000000, 89.513, 95.8973
209.000000, 89.661, 95.3914
212.000000, 89.854, 94.9505
214.000000, 90.015, 94.7122
218.000000, 90.321, 94.3224
220.000000, 90.456, 94.0923
224.000000, 90.720, 93.5367
227.000000, 90.913, 93.1420
230.000000, 91.100, 92.7506
233.000000, 91.288, 92.3641
236.000000, 91.479, 92.1473
240.000000, 91.739, 91.7950
243.000000, 91.922, 91.0698
247.000000, 92.165, 90.2301
250.000000, 92.357, 89.7402
254.000000, 92.616, 88.9012
258.000000, 92.856, 88.1561
262.000000, 93.060, 87.7188
265.000000, 93.201, 87.2055
269.000000, 93.430, 86.4231
272.000000, 93.621, 85.9442
276.000000, 93.860, 85.2669
280.000000, 94.090, 84.5136
285.000000, 94.365, 83.4973
290.000000, 94.619, 82.4783
295.000000, 94.879, 81.4561
300.000000, 95.141, 80.4490
304.000000, 95.334, 79.6170
307.000000, 95.467, 78.9470
311.000000, 95.641, 77.9596
315.000000, 95.801, 76.9649
320.000000, 95.979, 76.0365
325.000000, 96.164, 75.4407
330.000000, 96.408, 74.8331
335.000000, 96.675, 74.0555
340.000000, 96.921, 73.0465
345.000000, 97.153, 71.9172
350.000000, 97.371, 70.8174
355.000000, 97.577, 69.8027
360.000000, 97.776, 68.7867
365.000000, 97.975, 67.6344
370.000000, 98.172, 66.5050
375.000000, 98.366, 65.4086
382.000000, 98.623, 63.9206
387.000000, 98.800, 62.8427
395.000000, 99.079, 61.1271
400.000000, 99.247, 60.0783
406.000000, 99.446, 58.8425
412.000000, 99.651, 57.6579
418.000000, 99.856, 56.4762
425.000000, 100.084, 55.0343
431.000000, 100.278, 53.7889
437.000000, 100.474, 52.5599
444.000000, 100.700, 51.1726
450.000000, 100.895, 50.0047
455.000000, 101.055, 49.0194
462.000000, 101.279, 47.6310
468.000000, 101.475, 46.4442
475.000000, 101.708, 45.0555
482.000000, 101.946, 43.6653
487.000000, 102.120, 42.6721
494.000000, 102.366, 41.2849
500.000000, 102.582, 40.0850
508.000000, 102.876, 38.4544
515.000000, 103.140, 37.0026
522.000000, 103.412, 35.5068
530.000000, 103.733, 33.7220
538.000000, 104.068, 31.8634
545.000000, 104.372, 30.1544
552.000000, 104.686, 28.3560
560.000000, 105.057, 26.1779
570.000000, 105.537, 23.2366
580.000000, 106.031, 19.9890
590.000000, 106.541, 16.3032
600.000000, 107.057, 12.1525
608.000000, 107.463, 8.4898
615.000000, 107.804, 4.9882
622.000000, 108.126, 1.1840
630.000000, 108.460, -3.5385
640.000000, 108.819, -9.9402
650.000000, 109.090, -16.8130
660.000000, 109.258, -24.1337
670.000000, 109.300, -31.8182
680.000000, 109.190, -39.6540
690.000000, 108.925, -47.3486
700.000000, 108.517, -54.6455
710.000000, 107.990, -61.3323
720.000000, 107.379, -67.3313
730.000000, 106.710, -72.6139
740.000000, 106.009, -77.1774
750.000000, 105.301, -81.0739
762.000000, 104.454, -84.9952
775.000000, 103.545, -88.4853
788.000000, 102.671, -91.3388
800.000000, 101.896, -93.4828
812.000000, 101.144, -95.2260
825.000000, 100.343, -96.7413
838.000000, 99.540, -97.6044
850.000000, 98.850, -97.2727
862.000000, 98.403, -96.1509
875.000000, 98.159, -96.7420
885.000000, 97.873, -98.3704
900.000000, 97.256, -100.3401
912.000000, 96.734, -101.2964
925.000000, 96.193, -101.9699
938.000000, 95.681, -102.4527
950.000000, 95.231, -102.7972
962.000000, 94.796, -103.0729
975.000000, 94.340, -103.3427
988.000000, 93.899, -103.5819
1000.000000, 93.505, -103.8085
1015.000000, 93.025, -104.0553
1030.000000, 92.555, -104.2459
1044.000000, 92.125, -104.4203
1060.000000, 91.639, -104.6024
1075.000000, 91.185, -104.7603
1090.000000, 90.738, -104.9173
1106.000000, 90.263, -105.0665
1120.000000, 89.846, -105.1722
1138.000000, 89.299, -105.2710
1150.000000, 88.918, -105.3119
1172.000000, 88.154, -105.1504
1180.000000, 87.851, -105.0052
1206.000000, 86.716, -103.8249
1220.000000, 85.973, -101.9980
1241.000000, 84.842, -94.3954
1250.000000, 84.657, -88.0104
1265.000000, 85.393, -76.1935
1280.000000, 86.986, -72.0491
1315.000000, 88.455, -86.6793
1320.000000, 88.373, -88.7284
1340.000000, 87.763, -94.5752
1360.000000, 87.022, -97.6032
1380.000000, 86.327, -99.1780
1400.000000, 85.703, -100.0100
1430.000000, 84.853, -100.6048
1450.000000, 84.314, -100.7654
1475.000000, 83.650, -100.8017
1500.000000, 82.988, -100.7244
1525.000000, 82.331, -100.4711
1550.000000, 81.658, -100.1362
1575.000000, 80.963, -99.6019
1600.000000, 80.246, -98.8894
1625.000000, 79.510, -98.0155
1650.000000, 78.754, -96.9639
1675.000000, 77.987, -95.6768
1700.000000, 77.179, -94.1060
1725.000000, 76.333, -92.1912
1750.000000, 75.467, -90.0082
1775.000000, 74.564, -87.4111
1800.000000, 73.607, -84.2406
1825.000000, 72.611, -80.5153
1850.000000, 71.581, -76.0723
1875.000000, 70.504, -70.4454
1900.000000, 69.409, -63.2859
1925.000000, 68.345, -54.3715
1950.000000, 67.400, -43.1089
1975.000000, 66.763, -29.3964
2000.000000, 66.612, -14.3365
2030.000000, 67.157, 3.1204
2060.000000, 68.279, 17.7335
2090.000000, 69.661, 29.0172
2120.000000, 71.103, 37.1335
2140.000000, 72.051, 41.3102
2180.000000, 73.854, 47.5835
2200.000000, 74.705, 49.8525
2240.000000, 76.315, 53.2508
2270.000000, 77.454, 54.8625
2300.000000, 78.546, 55.8656
2330.000000, 79.598, 56.2800
2360.000000, 80.610, 56.1370
2400.000000, 81.890, 55.1399
2430.000000, 82.801, 53.7679
2470.000000, 83.942, 51.1312
2500.000000, 84.737, 48.5912
2540.000000, 85.694, 44.4057
2580.000000, 86.505, 39.4282
2620.000000, 87.144, 33.7938
2650.000000, 87.499, 29.2940
2690.000000, 87.799, 23.2192
2720.000000, 87.900, 18.7653
2760.000000, 87.880, 13.1801
2800.000000, 87.720, 8.1782
2850.000000, 87.381, 2.8758
2900.000000, 86.945, -1.2851
2950.000000, 86.459, -4.4197
3000.000000, 85.961, -6.6748
3040.000000, 85.570, -7.9491
3070.000000, 85.283, -8.6453
3110.000000, 84.914, -9.2653
3150.000000, 84.563, -9.5953
3200.000000, 84.150, -9.6840
3250.000000, 83.765, -9.4612
3300.000000, 83.409, -8.9777
3350.000000, 83.081, -8.2862
3400.000000, 82.782, -7.4394
3450.000000, 82.511, -6.4600
3500.000000, 82.270, -5.3590
3550.000000, 82.052, -4.1779
3600.000000, 81.853, -2.9330
3650.000000, 81.670, -1.6253
3700.000000, 81.500, -0.2764
3750.000000, 81.346, 1.1252
3820.000000, 81.151, 3.1905
3870.000000, 81.026, 4.7203
3950.000000, 80.843, 7.2534
4000.000000, 80.746, 8.9086
4060.000000, 80.652, 10.9612
4120.000000, 80.583, 13.0507
4180.000000, 80.537, 15.1258
4250.000000, 80.500, 17.5246
4310.000000, 80.473, 19.6403
4370.000000, 80.461, 21.9519
4440.000000, 80.542, 24.7335
4500.000000, 80.644, 26.4277
4550.000000, 80.680, 27.6899
4620.000000, 80.712, 29.7147
4680.000000, 80.751, 31.5943
4750.000000, 80.819, 33.8445
4820.000000, 80.909, 36.1202
4870.000000, 80.986, 37.7664
4940.000000, 81.112, 40.1228
5000.000000, 81.241, 42.1833
5080.000000, 81.449, 44.9679
5150.000000, 81.665, 47.3934
5220.000000, 81.914, 49.7927
5300.000000, 82.236, 52.4985
5380.000000, 82.600, 55.2026
5450.000000, 82.961, 57.5875
5520.000000, 83.371, 60.0135
5600.000000, 83.919, 62.8522
5700.000000, 84.770, 66.4032
5800.000000, 85.881, 69.5198
5900.000000, 87.296, 71.2279
6000.000000, 88.933, 70.1691
6080.000000, 90.246, 66.6860
6150.000000, 91.265, 61.7563
6220.000000, 92.077, 55.4830
6300.000000, 92.700, 47.4069
6400.000000, 93.032, 37.1597
6500.000000, 92.966, 27.8090
6600.000000, 92.637, 19.9267
6700.000000, 92.165, 13.6243
6800.000000, 91.646, 8.7656
6900.000000, 91.156, 5.1187
7000.000000, 90.737, 2.4332
7100.000000, 90.402, 0.4635
7200.000000, 90.163, -1.0256
7300.000000, 90.029, -2.3106
7400.000000, 89.999, -3.6275
7500.000000, 90.076, -5.2109
7620.000000, 90.315, -7.8568
7750.000000, 90.711, -12.2318
7880.000000, 91.057, -18.8543
8000.000000, 91.190, -27.2427
8120.000000, 90.975, -37.4394
8250.000000, 90.185, -49.1278
8380.000000, 88.815, -59.4984
8500.000000, 87.187, -66.6589
8620.000000, 85.400, -71.1618
8750.000000, 83.453, -73.4166
8850.000000, 82.014, -73.6839
9000.000000, 80.006, -72.3834
9120.000000, 78.539, -70.2754
9250.000000, 77.078, -67.2639
9380.000000, 75.740, -63.6972
9500.000000, 74.603, -60.0632
9620.000000, 73.547, -56.1737
9750.000000, 72.493, -51.7013
9880.000000, 71.527, -47.0233
10000.000000, 70.705, -42.5691
10150.000000, 69.753, -36.9001
10300.000000, 68.878, -31.1038
10440.000000, 68.125, -25.5546
10600.000000, 67.328, -19.1378
10750.000000, 66.646, -12.9709
10900.000000, 66.030, -6.7527
11060.000000, 65.443, -0.1507
11200.000000, 64.981, 5.6838
11380.000000, 64.453, 13.2668
11500.000000, 64.140, 18.3505
11720.000000, 63.654, 27.7325
11800.000000, 63.505, 31.1240
12060.000000, 63.120, 42.1695
12200.000000, 62.968, 48.1376
12410.000000, 62.807, 57.0503
12500.000000, 62.768, 60.8331
12650.000000, 62.750, 67.1796
12800.000000, 62.796, 73.5835
13150.000000, 63.175, 88.1666
13200.000000, 63.264, 90.1827
13400.000000, 63.715, 98.1118
13600.000000, 64.345, 105.7980
13800.000000, 65.208, 113.0660
14000.000000, 66.383, 119.4506
14300.000000, 68.929, 125.7072
14500.000000, 71.222, 124.7423
14750.000000, 74.044, 112.3589
15000.000000, 75.078, 88.2563
15250.000000, 73.330, 64.9296
15500.000000, 69.947, 53.4579
15750.000000, 66.589, 53.2745
16000.000000, 63.928, 59.2433
16250.000000, 61.896, 67.8849
16500.000000, 60.325, 77.6756
16750.000000, 59.074, 88.2697
17000.000000, 58.072, 99.2453
17250.000000, 57.275, 110.6109
17500.000000, 56.671, 122.3048
17750.000000, 56.275, 134.1345
18000.000000, 56.097, 146.0181
18250.000000, 56.101, 157.8251
18500.000000, 56.272, 169.6953
18750.000000, 56.599, -178.9672
19000.000000, 57.036, -168.3361
19250.000000, 57.589, -157.6063
19500.000000, 58.321, -146.9539
19750.000000, 59.304, -137.0998
20000.000000, 60.479, -128.9929
20300.000000, 62.096, -123.0169
20600.000000, 63.581, -122.0917
20900.000000, 64.390, -124.4076
21200.000000, 64.412, -125.7024
21400.000000, 64.212, -124.1883
21800.000000, 64.245, -115.6187
22000.000000, 64.777, -110.0582
22400.000000, 66.854, -100.6134
22700.000000, 68.725, -97.6801
23000.000000, 69.914, -100.0971
23300.000000, 69.306, -105.2307
23600.000000, 66.176, -122.9145
24000.000000, 60.452, -152.0680
