* Measurement data measured by REW V5.31.3
* Source: EXCL: Loopback 1/2 (2- E2x2), LINE_IN (Master Volume), R, volume: 1.000. Timing signal peak level -15.8 dBFS, measurement signal peak level -6.5 dBFS
* Format: 2M Log Swept Sine, 1 sweep at -12.0 dBFS using an acoustic timing reference
* Dated: Nov 21, 2024 12:45:49 PM
* REW Settings:
*  C-weighting compensation: Off
*  Target level: 75.0 dB
* Note: ; Delay -0.0204 ms (-7.0 mm, -0.28 in) using estimated IR delay relative to Acoustic reference played from SPEAKER L with no timing offset Clock adjustment: 7.7 ppm
* Measurement: FATFreq x HBB Deuce L
* Smoothing: 1/24 octave
* Frequency Step: 1/48 octave
* Start Frequency: 1.000 Hz
*
* Freq(Hz), SPL(dB), Phase(degrees)
1.000000, 71.740, 119.3734
1.015000, 72.109, 117.7753
1.030000, 72.473, 116.1822
1.044000, 72.806, 114.6949
1.060000, 73.180, 112.9897
1.075000, 73.521, 111.3814
1.090000, 73.854, 109.7615
1.106000, 74.200, 108.0277
1.120000, 74.497, 106.5232
1.138000, 74.873, 104.6237
1.150000, 75.121, 103.3831
1.172000, 75.568, 101.1664
1.180000, 75.728, 100.3795
1.206000, 76.241, 97.8937
1.220000, 76.513, 96.6000
1.241000, 76.914, 94.7162
1.250000, 77.084, 93.9288
1.265000, 77.364, 92.6417
1.280000, 77.641, 91.3847
1.315000, 78.274, 88.5568
1.320000, 78.363, 88.1637
1.340000, 78.716, 86.6151
1.360000, 79.064, 85.1010
1.380000, 79.407, 83.6161
1.400000, 79.746, 82.1555
1.430000, 80.246, 79.9996
1.450000, 80.574, 78.5798
1.475000, 80.977, 76.8255
1.500000, 81.372, 75.1108
1.525000, 81.757, 73.4439
1.550000, 82.133, 71.8233
1.575000, 82.500, 70.2455
1.600000, 82.859, 68.7061
1.625000, 83.211, 67.2006
1.650000, 83.555, 65.7243
1.675000, 83.893, 64.2725
1.700000, 84.224, 62.8404
1.725000, 84.550, 61.4235
1.750000, 84.871, 60.0172
1.775000, 85.187, 58.6171
1.800000, 85.500, 57.2195
1.825000, 85.808, 55.8213
1.850000, 86.111, 54.4246
1.875000, 86.408, 53.0364
1.900000, 86.699, 51.6620
1.925000, 86.984, 50.3044
1.950000, 87.263, 48.9655
1.975000, 87.536, 47.6463
2.000000, 87.805, 46.3470
2.030000, 88.120, 44.8140
2.060000, 88.429, 43.3081
2.090000, 88.733, 41.8273
2.120000, 89.030, 40.3688
2.140000, 89.226, 39.4074
2.180000, 89.612, 37.5060
2.200000, 89.802, 36.5634
2.240000, 90.174, 34.6898
2.270000, 90.446, 33.2963
2.300000, 90.711, 31.9164
2.330000, 90.971, 30.5527
2.360000, 91.225, 29.2071
2.400000, 91.555, 27.4430
2.430000, 91.798, 26.1429
2.470000, 92.115, 24.4399
2.500000, 92.348, 23.1844
2.540000, 92.653, 21.5367
2.580000, 92.952, 19.9120
2.620000, 93.243, 18.2993
2.650000, 93.456, 17.0975
2.690000, 93.733, 15.5095
2.720000, 93.936, 14.3321
2.760000, 94.200, 12.7833
2.800000, 94.459, 11.2612
2.850000, 94.773, 9.3989
2.900000, 95.081, 7.5817
2.950000, 95.380, 5.8020
3.000000, 95.670, 4.0417
3.040000, 95.896, 2.6459
3.070000, 96.061, 1.6085
3.110000, 96.276, 0.2408
3.150000, 96.487, -1.1064
3.200000, 96.745, -2.7582
3.250000, 96.996, -4.3715
3.300000, 97.241, -5.9479
3.350000, 97.481, -7.5001
3.400000, 97.713, -9.0363
3.450000, 97.938, -10.5534
3.500000, 98.157, -12.0469
3.550000, 98.371, -13.5128
3.600000, 98.580, -14.9478
3.650000, 98.785, -16.3511
3.700000, 98.985, -17.7288
3.750000, 99.180, -19.0892
3.820000, 99.445, -20.9658
3.870000, 99.629, -22.2827
3.950000, 99.915, -24.3424
4.000000, 100.089, -25.5975
4.060000, 100.294, -27.0743
4.120000, 100.493, -28.5279
4.180000, 100.687, -29.9604
4.250000, 100.908, -31.6025
4.310000, 101.092, -32.9819
4.370000, 101.272, -34.3341
4.440000, 101.478, -35.8811
4.500000, 101.650, -37.1871
4.550000, 101.790, -38.2621
4.620000, 101.981, -39.7450
4.680000, 102.142, -40.9940
4.750000, 102.325, -42.4248
4.820000, 102.504, -43.8312
4.870000, 102.629, -44.8240
4.940000, 102.800, -46.1973
5.000000, 102.944, -47.3575
5.080000, 103.130, -48.8780
5.150000, 103.290, -50.1846
5.220000, 103.445, -51.4740
5.300000, 103.617, -52.9284
5.380000, 103.785, -54.3593
5.450000, 103.928, -55.5897
5.520000, 104.068, -56.8007
5.600000, 104.223, -58.1662
5.700000, 104.411, -59.8466
5.800000, 104.592, -61.4919
5.900000, 104.767, -63.1003
6.000000, 104.936, -64.6796
6.080000, 105.066, -65.9224
6.150000, 105.178, -66.9925
6.220000, 105.286, -68.0455
6.300000, 105.408, -69.2303
6.400000, 105.555, -70.6875
6.500000, 105.697, -72.1163
6.600000, 105.835, -73.5146
6.700000, 105.968, -74.8851
6.800000, 106.097, -76.2311
6.900000, 106.223, -77.5512
7.000000, 106.345, -78.8452
7.100000, 106.463, -80.1163
7.200000, 106.578, -81.3655
7.300000, 106.690, -82.5922
7.400000, 106.799, -83.7977
7.500000, 106.905, -84.9839
7.620000, 107.028, -86.3822
7.750000, 107.156, -87.8660
7.880000, 107.280, -89.3212
8.000000, 107.391, -90.6387
8.120000, 107.498, -91.9317
8.250000, 107.609, -93.3075
8.380000, 107.717, -94.6567
8.500000, 107.813, -95.8784
8.620000, 107.905, -97.0794
8.750000, 108.002, -98.3566
8.850000, 108.074, -99.3220
9.000000, 108.178, -100.7446
9.120000, 108.258, -101.8605
9.250000, 108.343, -103.0476
9.380000, 108.424, -104.2135
9.500000, 108.497, -105.2709
9.620000, 108.568, -106.3109
9.750000, 108.641, -107.4189
9.880000, 108.706, -108.5078
10.000000, 108.755, -109.4966
10.150000, 108.806, -110.7114
10.300000, 108.849, -111.9026
10.440000, 108.886, -112.9944
10.600000, 108.926, -114.2187
10.750000, 108.964, -115.3441
10.900000, 109.002, -116.4491
11.060000, 109.042, -117.6050
11.200000, 109.076, -118.5984
11.380000, 109.121, -119.8512
11.500000, 109.150, -120.6719
11.720000, 109.203, -122.1477
11.800000, 109.223, -122.6754
12.060000, 109.284, -124.3596
12.200000, 109.316, -125.2477
12.410000, 109.363, -126.5560
12.500000, 109.383, -127.1082
12.650000, 109.415, -128.0174
12.800000, 109.447, -128.9127
13.150000, 109.518, -130.9487
13.200000, 109.528, -131.2335
13.400000, 109.566, -132.3580
13.600000, 109.603, -133.4595
13.800000, 109.638, -134.5384
14.000000, 109.672, -135.5961
14.300000, 109.721, -137.1450
14.500000, 109.752, -138.1544
14.750000, 109.788, -139.3916
15.000000, 109.821, -140.6026
15.250000, 109.852, -141.7882
15.500000, 109.881, -142.9485
15.750000, 109.909, -144.0839
16.000000, 109.935, -145.1948
16.250000, 109.960, -146.2822
16.500000, 109.982, -147.3474
16.750000, 110.003, -148.3918
17.000000, 110.023, -149.4168
17.250000, 110.041, -150.4230
17.500000, 110.057, -151.4106
17.750000, 110.072, -152.3793
18.000000, 110.085, -153.3291
18.250000, 110.096, -154.2599
18.500000, 110.104, -155.1726
18.750000, 110.112, -156.0685
19.000000, 110.119, -156.9495
19.250000, 110.125, -157.8172
19.500000, 110.131, -158.6730
19.750000, 110.135, -159.5173
20.000000, 110.138, -160.3499
20.299999, 110.139, -161.3317
20.600000, 110.138, -162.2931
20.900000, 110.136, -163.2330
21.200001, 110.133, -164.1521
21.400000, 110.131, -164.7541
21.799999, 110.126, -165.9363
22.000000, 110.123, -166.5181
22.400000, 110.115, -167.6657
22.700001, 110.109, -168.5125
23.000000, 110.100, -169.3464
23.299999, 110.091, -170.1664
23.600000, 110.080, -170.9717
24.000000, 110.063, -172.0229
24.299999, 110.050, -172.7955
24.700001, 110.030, -173.8063
25.000000, 110.015, -174.5510
25.400000, 109.995, -175.5267
25.799999, 109.973, -176.4836
26.200001, 109.950, -177.4219
26.500000, 109.931, -178.1139
26.900000, 109.906, -179.0219
27.200001, 109.887, -179.6921
27.600000, 109.860, 179.4276
28.000000, 109.832, 178.5620
28.500000, 109.796, 177.5004
29.000000, 109.758, 176.4619
29.500000, 109.718, 175.4479
30.000000, 109.678, 174.4578
30.400000, 109.646, 173.6818
30.700001, 109.622, 173.1084
31.100000, 109.589, 172.3544
31.500000, 109.556, 171.6120
32.000000, 109.513, 170.6993
32.500000, 109.469, 169.8031
33.000000, 109.424, 168.9224
33.500000, 109.379, 168.0576
34.000000, 109.332, 167.2089
34.500000, 109.286, 166.3763
35.000000, 109.238, 165.5585
35.500000, 109.190, 164.7539
36.000000, 109.140, 163.9617
36.500000, 109.090, 163.1821
37.000000, 109.039, 162.4169
37.500000, 108.987, 161.6681
38.200001, 108.914, 160.6464
38.700001, 108.863, 159.9310
39.500000, 108.779, 158.8024
40.000000, 108.726, 158.1068
40.599998, 108.660, 157.2859
41.200001, 108.594, 156.4832
41.799999, 108.528, 155.6984
42.500000, 108.450, 154.8019
43.099998, 108.383, 154.0472
43.700001, 108.316, 153.3052
44.400002, 108.237, 152.4576
45.000000, 108.168, 151.7476
45.500000, 108.111, 151.1660
46.200001, 108.032, 150.3630
46.799999, 107.963, 149.6837
47.500000, 107.881, 148.9048
48.200001, 107.798, 148.1454
48.700001, 107.738, 147.6130
49.400002, 107.656, 146.8746
50.000000, 107.585, 146.2466
50.799999, 107.488, 145.4260
51.500000, 107.403, 144.7304
52.200001, 107.319, 144.0501
53.000000, 107.224, 143.2821
53.799999, 107.127, 142.5291
54.500000, 107.042, 141.8870
55.200001, 106.956, 141.2590
56.000000, 106.856, 140.5641
57.000000, 106.733, 139.7269
58.000000, 106.608, 138.8850
59.000000, 106.477, 138.0922
60.000000, 106.354, 137.3449
60.799999, 106.257, 136.7018
61.500000, 106.167, 136.1312
62.200001, 106.075, 135.5919
63.000000, 105.972, 135.0023
64.000000, 105.844, 134.2737
65.000000, 105.717, 133.5689
66.000000, 105.589, 132.8893
67.000000, 105.461, 132.2349
68.000000, 105.334, 131.6027
69.000000, 105.205, 130.9872
70.000000, 105.076, 130.3903
71.000000, 104.946, 129.8108
72.000000, 104.817, 129.2425
73.000000, 104.686, 128.6863
74.000000, 104.556, 128.1513
75.000000, 104.426, 127.6401
76.199997, 104.272, 127.0457
77.500000, 104.105, 126.4216
78.800003, 103.937, 125.8244
80.000000, 103.781, 125.2927
81.199997, 103.624, 124.7720
82.500000, 103.452, 124.2330
83.800003, 103.283, 123.7398
85.000000, 103.131, 123.2979
86.199997, 102.977, 122.8591
87.500000, 102.809, 122.4152
88.500000, 102.680, 122.0953
90.000000, 102.486, 121.6323
91.199997, 102.329, 121.2867
92.500000, 102.161, 120.9442
93.800003, 101.993, 120.6302
95.000000, 101.840, 120.3639
96.199997, 101.685, 120.1030
97.500000, 101.515, 119.8426
98.800003, 101.346, 119.6111
100.000000, 101.192, 119.4131
101.500000, 101.002, 119.1956
103.000000, 100.817, 119.0046
104.400002, 100.642, 118.8405
106.000000, 100.439, 118.7076
107.500000, 100.255, 118.5959
109.000000, 100.074, 118.4348
110.599998, 99.873, 118.2153
112.000000, 99.692, 118.2058
113.800003, 99.490, 118.3094
115.000000, 99.359, 118.3634
117.199997, 99.116, 118.5064
118.000000, 99.028, 118.5543
120.599998, 98.731, 118.6191
122.000000, 98.565, 118.7299
124.099998, 98.329, 119.0108
125.000000, 98.234, 119.1428
126.500000, 98.077, 119.3251
128.000000, 97.913, 119.4798
131.500000, 97.528, 119.9750
132.000000, 97.475, 120.0333
134.000000, 97.254, 120.2932
136.000000, 97.037, 120.8410
138.000000, 96.855, 121.4922
140.000000, 96.672, 122.0211
143.000000, 96.381, 122.8956
145.000000, 96.204, 123.5236
147.500000, 96.018, 124.4445
150.000000, 95.860, 125.3115
152.500000, 95.693, 126.1129
155.000000, 95.524, 126.8498
157.500000, 95.358, 127.5876
160.000000, 95.185, 128.4077
162.500000, 94.980, 129.2278
165.000000, 94.751, 130.0809
167.500000, 94.512, 131.0107
170.000000, 94.279, 132.0322
172.500000, 94.071, 133.0623
175.000000, 93.891, 134.0743
177.500000, 93.742, 135.1884
180.000000, 93.621, 136.4243
182.500000, 93.525, 137.6855
185.000000, 93.473, 138.8409
187.500000, 93.467, 139.7877
190.000000, 93.475, 140.6160
192.500000, 93.477, 141.4011
195.000000, 93.468, 142.1221
197.500000, 93.451, 142.8459
200.000000, 93.422, 143.6185
203.000000, 93.372, 144.6168
206.000000, 93.317, 145.5866
209.000000, 93.272, 146.5891
212.000000, 93.238, 147.5567
214.000000, 93.215, 148.1317
218.000000, 93.172, 149.2659
220.000000, 93.150, 149.8844
224.000000, 93.112, 151.0687
227.000000, 93.086, 151.7943
230.000000, 93.064, 152.5128
233.000000, 93.042, 153.2496
236.000000, 93.025, 153.9650
240.000000, 93.010, 154.8501
243.000000, 92.996, 155.5524
247.000000, 92.981, 156.4730
250.000000, 92.973, 157.1281
254.000000, 92.966, 157.9590
258.000000, 92.959, 158.7325
262.000000, 92.954, 159.4992
265.000000, 92.952, 160.0727
269.000000, 92.952, 160.8043
272.000000, 92.954, 161.3224
276.000000, 92.958, 161.9847
280.000000, 92.964, 162.6169
285.000000, 92.975, 163.3783
290.000000, 92.985, 164.1082
295.000000, 92.997, 164.7960
300.000000, 93.011, 165.4594
304.000000, 93.020, 165.9761
307.000000, 93.026, 166.3533
311.000000, 93.034, 166.8483
315.000000, 93.043, 167.3260
320.000000, 93.054, 167.8815
325.000000, 93.066, 168.4208
330.000000, 93.078, 168.9585
335.000000, 93.090, 169.4740
340.000000, 93.100, 169.9703
345.000000, 93.111, 170.4489
350.000000, 93.123, 170.9145
355.000000, 93.135, 171.3710
360.000000, 93.148, 171.8014
365.000000, 93.160, 172.2156
370.000000, 93.173, 172.6254
375.000000, 93.185, 173.0281
382.000000, 93.201, 173.5665
387.000000, 93.211, 173.9366
395.000000, 93.226, 174.5141
400.000000, 93.235, 174.8586
406.000000, 93.246, 175.2642
412.000000, 93.256, 175.6644
418.000000, 93.267, 176.0581
425.000000, 93.280, 176.5106
431.000000, 93.292, 176.8925
437.000000, 93.305, 177.2563
444.000000, 93.322, 177.6633
450.000000, 93.334, 177.9926
455.000000, 93.343, 178.2557
462.000000, 93.354, 178.6144
468.000000, 93.362, 178.9119
475.000000, 93.372, 179.2554
482.000000, 93.380, 179.5895
487.000000, 93.385, 179.8232
494.000000, 93.390, -179.8458
500.000000, 93.393, -179.5626
508.000000, 93.397, -179.1863
515.000000, 93.401, -178.8634
522.000000, 93.406, -178.5433
530.000000, 93.409, -178.1779
538.000000, 93.412, -177.8119
545.000000, 93.414, -177.4974
552.000000, 93.418, -177.1888
560.000000, 93.422, -176.8347
570.000000, 93.425, -176.3893
580.000000, 93.425, -175.9440
590.000000, 93.424, -175.4955
600.000000, 93.423, -175.0472
608.000000, 93.423, -174.6896
615.000000, 93.422, -174.3728
622.000000, 93.422, -174.0495
630.000000, 93.421, -173.6813
640.000000, 93.423, -173.2209
650.000000, 93.424, -172.7524
660.000000, 93.426, -172.2785
670.000000, 93.429, -171.7966
680.000000, 93.432, -171.3079
690.000000, 93.435, -170.8135
700.000000, 93.440, -170.3142
710.000000, 93.446, -169.8071
720.000000, 93.452, -169.2966
730.000000, 93.460, -168.7778
740.000000, 93.471, -168.2515
750.000000, 93.484, -167.7208
762.000000, 93.500, -167.0801
775.000000, 93.521, -166.3858
788.000000, 93.545, -165.6880
800.000000, 93.570, -165.0388
812.000000, 93.597, -164.3849
825.000000, 93.630, -163.6708
838.000000, 93.666, -162.9532
850.000000, 93.700, -162.2917
862.000000, 93.735, -161.6323
875.000000, 93.780, -160.9220
885.000000, 93.823, -160.3794
900.000000, 93.892, -159.5757
912.000000, 93.941, -158.9454
925.000000, 93.993, -158.2755
938.000000, 94.050, -157.6218
950.000000, 94.109, -157.0367
962.000000, 94.174, -156.4711
975.000000, 94.247, -155.8817
988.000000, 94.323, -155.3210
1000.000000, 94.394, -154.8308
1015.000000, 94.485, -154.2562
1030.000000, 94.579, -153.7279
1044.000000, 94.668, -153.2800
1060.000000, 94.769, -152.8231
1075.000000, 94.864, -152.4475
1090.000000, 94.958, -152.1225
1106.000000, 95.056, -151.8293
1120.000000, 95.140, -151.6159
1138.000000, 95.247, -151.3957
1150.000000, 95.316, -151.2795
1172.000000, 95.435, -151.1227
1180.000000, 95.476, -151.0807
1206.000000, 95.596, -150.9805
1220.000000, 95.654, -150.9408
1241.000000, 95.736, -150.8817
1250.000000, 95.769, -150.8513
1265.000000, 95.822, -150.7892
1280.000000, 95.873, -150.7095
1315.000000, 95.990, -150.4509
1320.000000, 96.007, -150.4066
1340.000000, 96.075, -150.2151
1360.000000, 96.146, -150.0053
1380.000000, 96.221, -149.7918
1400.000000, 96.300, -149.5820
1430.000000, 96.423, -149.2890
1450.000000, 96.507, -149.1143
1475.000000, 96.612, -148.9192
1500.000000, 96.716, -148.7502
1525.000000, 96.817, -148.6017
1550.000000, 96.916, -148.4709
1575.000000, 97.013, -148.3531
1600.000000, 97.109, -148.2435
1625.000000, 97.203, -148.1387
1650.000000, 97.295, -148.0373
1675.000000, 97.387, -147.9360
1700.000000, 97.480, -147.8404
1725.000000, 97.572, -147.7499
1750.000000, 97.663, -147.6639
1775.000000, 97.753, -147.5795
1800.000000, 97.843, -147.4975
1825.000000, 97.934, -147.4200
1850.000000, 98.025, -147.3508
1875.000000, 98.119, -147.2903
1900.000000, 98.214, -147.2363
1925.000000, 98.312, -147.1881
1950.000000, 98.412, -147.1477
1975.000000, 98.513, -147.1156
2000.000000, 98.615, -147.0931
2030.000000, 98.737, -147.0797
2060.000000, 98.861, -147.0786
2090.000000, 98.985, -147.0898
2120.000000, 99.111, -147.1146
2140.000000, 99.196, -147.1400
2180.000000, 99.368, -147.2144
2200.000000, 99.456, -147.2646
2240.000000, 99.634, -147.3934
2270.000000, 99.769, -147.5161
2300.000000, 99.905, -147.6609
2330.000000, 100.044, -147.8300
2360.000000, 100.185, -148.0266
2400.000000, 100.374, -148.3376
2430.000000, 100.516, -148.6102
2470.000000, 100.705, -149.0276
2500.000000, 100.846, -149.3820
2540.000000, 101.035, -149.9108
2580.000000, 101.222, -150.5063
2620.000000, 101.403, -151.1633
2650.000000, 101.534, -151.6855
2690.000000, 101.704, -152.4037
2720.000000, 101.828, -152.9525
2760.000000, 101.994, -153.6981
2800.000000, 102.160, -154.4760
2850.000000, 102.369, -155.5381
2900.000000, 102.570, -156.7198
2950.000000, 102.758, -157.9769
3000.000000, 102.930, -159.2577
3040.000000, 103.060, -160.2956
3070.000000, 103.153, -161.0917
3110.000000, 103.268, -162.1907
3150.000000, 103.365, -163.3382
3200.000000, 103.454, -164.8390
3250.000000, 103.509, -166.4097
3300.000000, 103.526, -168.0325
3350.000000, 103.517, -169.6714
3400.000000, 103.501, -171.2917
3450.000000, 103.485, -172.8730
3500.000000, 103.480, -174.4089
3550.000000, 103.478, -175.9037
3600.000000, 103.469, -177.3623
3650.000000, 103.436, -178.7852
3700.000000, 103.368, 179.8367
3750.000000, 103.260, 178.5143
3820.000000, 103.046, 176.7646
3870.000000, 102.869, 175.5869
3950.000000, 102.571, 173.8229
4000.000000, 102.390, 172.7921
4060.000000, 102.191, 171.6290
4120.000000, 102.016, 170.5582
4180.000000, 101.870, 169.5886
4250.000000, 101.725, 168.5852
4310.000000, 101.614, 167.8304
4370.000000, 101.505, 167.1705
4440.000000, 101.371, 166.5171
4500.000000, 101.249, 166.0532
4550.000000, 101.139, 165.7299
4620.000000, 100.975, 165.3630
4680.000000, 100.826, 165.1188
4750.000000, 100.645, 164.9092
4820.000000, 100.455, 164.7799
4870.000000, 100.316, 164.7372
4940.000000, 100.115, 164.7491
5000.000000, 99.941, 164.8275
5080.000000, 99.705, 165.0352
5150.000000, 99.502, 165.3154
5220.000000, 99.303, 165.6867
5300.000000, 99.085, 166.2170
5380.000000, 98.882, 166.8510
5450.000000, 98.716, 167.4818
5520.000000, 98.562, 168.1750
5600.000000, 98.397, 169.0330
5700.000000, 98.202, 170.1902
5800.000000, 98.020, 171.4297
5900.000000, 97.851, 172.7381
6000.000000, 97.708, 174.1003
6080.000000, 97.620, 175.2167
6150.000000, 97.564, 176.2032
6220.000000, 97.532, 177.1896
6300.000000, 97.523, 178.3052
6400.000000, 97.556, 179.6588
6500.000000, 97.639, -179.0706
6600.000000, 97.771, -177.9297
6700.000000, 97.949, -176.9753
6800.000000, 98.173, -176.2759
6900.000000, 98.438, -175.9107
7000.000000, 98.738, -175.9631
7100.000000, 99.061, -176.5040
7200.000000, 99.391, -177.5621
7300.000000, 99.703, -179.0928
7400.000000, 99.983, 179.0499
7500.000000, 100.233, 177.0806
7620.000000, 100.543, 174.7012
7750.000000, 100.921, 171.6083
7880.000000, 101.254, 166.8981
8000.000000, 101.369, 160.6686
8120.000000, 101.141, 153.2276
8250.000000, 100.460, 145.1777
8380.000000, 99.428, 138.4756
8500.000000, 98.298, 134.0903
8620.000000, 97.120, 131.4591
8750.000000, 95.877, 130.2938
8850.000000, 94.976, 130.3419
9000.000000, 93.728, 131.5633
9120.000000, 92.808, 133.2859
9250.000000, 91.887, 135.6962
9380.000000, 91.038, 138.5289
9500.000000, 90.321, 141.4255
9620.000000, 89.668, 144.5327
9750.000000, 89.028, 148.0870
9880.000000, 88.455, 151.7975
10000.000000, 87.984, 155.3323
10150.000000, 87.464, 159.8653
10300.000000, 87.017, 164.4953
10440.000000, 86.664, 168.8807
10600.000000, 86.332, 173.9423
10750.000000, 86.086, 178.7115
10900.000000, 85.902, -176.5182
11060.000000, 85.777, -171.4485
11200.000000, 85.724, -167.0404
11380.000000, 85.736, -161.4286
11500.000000, 85.797, -157.7350
11720.000000, 86.023, -151.0958
11800.000000, 86.146, -148.7345
12060.000000, 86.705, -141.3258
12200.000000, 87.115, -137.5565
12410.000000, 87.899, -132.2988
12500.000000, 88.303, -130.2313
12650.000000, 89.077, -127.1204
12800.000000, 89.978, -124.5806
13150.000000, 92.395, -122.6071
13200.000000, 92.725, -123.0181
13400.000000, 93.868, -127.0809
13600.000000, 94.500, -135.3643
13800.000000, 94.278, -146.8457
14000.000000, 93.309, -158.8528
14300.000000, 91.419, -172.3136
14500.000000, 90.198, -177.0671
14750.000000, 89.000, -179.3034
15000.000000, 88.222, -179.3137
15250.000000, 87.713, -179.1432
15500.000000, 87.104, -179.8423
15750.000000, 86.011, 178.8245
16000.000000, 84.626, 177.4686
16250.000000, 83.274, 176.5231
16500.000000, 82.034, 176.2491
16750.000000, 80.961, 176.7962
17000.000000, 80.003, 178.2138
17250.000000, 79.107, -179.5291
17500.000000, 78.254, -176.4804
17750.000000, 77.448, -172.6472
18000.000000, 76.718, -168.0331
18250.000000, 76.108, -162.7121
18500.000000, 75.626, -156.8422
18750.000000, 75.268, -150.6223
19000.000000, 75.031, -144.2808
19250.000000, 74.895, -138.0944
19500.000000, 74.814, -132.3521
19750.000000, 74.726, -127.3134
20000.000000, 74.583, -123.0964
20300.000000, 74.278, -118.8258
20600.000000, 73.838, -114.6368
20900.000000, 73.359, -109.8356
21200.000000, 72.969, -104.3654
21400.000000, 72.813, -100.5919
21800.000000, 72.812, -93.9296
22000.000000, 72.937, -91.5900
22400.000000, 73.197, -89.7506
22700.000000, 73.089, -91.0292
23000.000000, 72.362, -94.3846
23300.000000, 70.654, -99.2800
23600.000000, 67.676, -104.3088
24000.000000, 63.091, -107.7417
