* Measurement data measured by REW V5.31.3
* Source: EXCL: Loopback 1/2 (2- E2x2), LINE_IN (Master Volume), R, volume: 1.000. Timing signal peak level -15.6 dBFS, measurement signal peak level -7.7 dBFS
* Format: 2M Log Swept Sine, 1 sweep at -12.0 dBFS using an acoustic timing reference
* Dated: Nov 21, 2024 12:48:26 PM
* REW Settings:
*  C-weighting compensation: Off
*  Target level: 75.0 dB
* Note: ; Delay -0.0215 ms (-7.4 mm, -0.29 in) using estimated IR delay relative to Acoustic reference played from SPEAKER R with no timing offset Clock adjustment: 7.3 ppm
* Measurement: FATFreq x HBB Deuce R
* Smoothing: 1/24 octave
* Frequency Step: 1/48 octave
* Start Frequency: 1.000 Hz
*
* Freq(Hz), SPL(dB), Phase(degrees)
1.000000, 70.053, 118.9409
1.015000, 70.428, 117.3722
1.030000, 70.797, 115.8077
1.044000, 71.134, 114.3466
1.060000, 71.512, 112.6709
1.075000, 71.858, 111.0900
1.090000, 72.194, 109.4973
1.106000, 72.544, 107.7928
1.120000, 72.844, 106.3144
1.138000, 73.223, 104.4489
1.150000, 73.473, 103.2310
1.172000, 73.922, 101.0556
1.180000, 74.083, 100.2835
1.206000, 74.598, 97.8447
1.220000, 74.870, 96.5754
1.241000, 75.273, 94.7267
1.250000, 75.443, 93.9539
1.265000, 75.723, 92.6906
1.280000, 76.000, 91.4563
1.315000, 76.633, 88.6783
1.320000, 76.722, 88.2921
1.340000, 77.075, 86.7698
1.360000, 77.423, 85.2808
1.380000, 77.766, 83.8200
1.400000, 78.104, 82.3825
1.430000, 78.603, 80.2600
1.450000, 78.932, 78.8618
1.475000, 79.336, 77.1339
1.500000, 79.731, 75.4453
1.525000, 80.116, 73.8044
1.550000, 80.492, 72.2093
1.575000, 80.860, 70.6562
1.600000, 81.219, 69.1407
1.625000, 81.570, 67.6584
1.650000, 81.915, 66.2045
1.675000, 82.252, 64.7742
1.700000, 82.584, 63.3629
1.725000, 82.910, 61.9661
1.750000, 83.231, 60.5793
1.775000, 83.547, 59.1984
1.800000, 83.859, 57.8195
1.825000, 84.167, 56.4398
1.850000, 84.470, 55.0617
1.875000, 84.768, 53.6923
1.900000, 85.059, 52.3369
1.925000, 85.344, 50.9982
1.950000, 85.623, 49.6779
1.975000, 85.897, 48.3771
2.000000, 86.165, 47.0959
2.030000, 86.481, 45.5839
2.060000, 86.790, 44.0984
2.090000, 87.094, 42.6372
2.120000, 87.392, 41.1978
2.140000, 87.588, 40.2488
2.180000, 87.974, 38.3715
2.200000, 88.164, 37.4408
2.240000, 88.537, 35.5912
2.270000, 88.809, 34.2161
2.300000, 89.075, 32.8546
2.330000, 89.335, 31.5094
2.360000, 89.590, 30.1820
2.400000, 89.921, 28.4417
2.430000, 90.165, 27.1590
2.470000, 90.482, 25.4783
2.500000, 90.716, 24.2389
2.540000, 91.022, 22.6120
2.580000, 91.322, 21.0074
2.620000, 91.615, 19.4154
2.650000, 91.828, 18.2292
2.690000, 92.106, 16.6624
2.720000, 92.310, 15.5007
2.760000, 92.576, 13.9726
2.800000, 92.836, 12.4707
2.850000, 93.152, 10.6324
2.900000, 93.461, 8.8380
2.950000, 93.762, 7.0800
3.000000, 94.055, 5.3416
3.040000, 94.282, 3.9634
3.070000, 94.448, 2.9392
3.110000, 94.665, 1.5890
3.150000, 94.878, 0.2589
3.200000, 95.138, -1.3724
3.250000, 95.391, -2.9663
3.300000, 95.639, -4.5247
3.350000, 95.880, -6.0592
3.400000, 96.115, -7.5778
3.450000, 96.343, -9.0774
3.500000, 96.564, -10.5538
3.550000, 96.781, -12.0033
3.600000, 96.992, -13.4229
3.650000, 97.200, -14.8118
3.700000, 97.403, -16.1760
3.750000, 97.600, -17.5233
3.820000, 97.869, -19.3820
3.870000, 98.055, -20.6866
3.950000, 98.345, -22.7279
4.000000, 98.522, -23.9727
4.060000, 98.730, -25.4377
4.120000, 98.933, -26.8804
4.180000, 99.130, -28.3026
4.250000, 99.353, -29.9332
4.310000, 99.541, -31.3035
4.370000, 99.724, -32.6472
4.440000, 99.933, -34.1851
4.500000, 100.107, -35.4840
4.550000, 100.250, -36.5533
4.620000, 100.445, -38.0288
4.680000, 100.608, -39.2717
4.750000, 100.794, -40.6958
4.820000, 100.976, -42.0958
4.870000, 101.103, -43.0844
4.940000, 101.277, -44.4520
5.000000, 101.423, -45.6075
5.080000, 101.613, -47.1219
5.150000, 101.775, -48.4233
5.220000, 101.932, -49.7076
5.300000, 102.108, -51.1561
5.380000, 102.279, -52.5814
5.450000, 102.424, -53.8070
5.520000, 102.566, -55.0132
5.600000, 102.724, -56.3734
5.700000, 102.916, -58.0470
5.800000, 103.100, -59.6859
5.900000, 103.279, -61.2882
6.000000, 103.451, -62.8617
6.080000, 103.585, -64.1000
6.150000, 103.699, -65.1665
6.220000, 103.810, -66.2162
6.300000, 103.934, -67.3977
6.400000, 104.085, -68.8511
6.500000, 104.231, -70.2767
6.600000, 104.372, -71.6724
6.700000, 104.509, -73.0413
6.800000, 104.642, -74.3861
6.900000, 104.771, -75.7057
7.000000, 104.897, -76.9997
7.100000, 105.018, -78.2714
7.200000, 105.137, -79.5218
7.300000, 105.252, -80.7499
7.400000, 105.364, -81.9570
7.500000, 105.472, -83.1451
7.620000, 105.599, -84.5459
7.750000, 105.732, -86.0323
7.880000, 105.859, -87.4901
8.000000, 105.973, -88.8099
8.120000, 106.083, -90.1050
8.250000, 106.199, -91.4827
8.380000, 106.310, -92.8336
8.500000, 106.409, -94.0569
8.620000, 106.504, -95.2592
8.750000, 106.605, -96.5380
8.850000, 106.680, -97.5046
9.000000, 106.788, -98.9293
9.120000, 106.872, -100.0472
9.250000, 106.960, -101.2369
9.380000, 107.045, -102.4061
9.500000, 107.121, -103.4670
9.620000, 107.196, -104.5111
9.750000, 107.273, -105.6245
9.880000, 107.341, -106.7192
10.000000, 107.394, -107.7142
10.150000, 107.449, -108.9376
10.300000, 107.496, -110.1383
10.440000, 107.537, -111.2396
10.600000, 107.580, -112.4755
10.750000, 107.621, -113.6121
10.900000, 107.663, -114.7283
11.060000, 107.706, -115.8961
11.200000, 107.743, -116.8995
11.380000, 107.791, -118.1645
11.500000, 107.822, -118.9927
11.720000, 107.879, -120.4807
11.800000, 107.900, -121.0123
12.060000, 107.965, -122.7075
12.200000, 107.999, -123.6003
12.410000, 108.049, -124.9150
12.500000, 108.071, -125.4697
12.650000, 108.106, -126.3829
12.800000, 108.140, -127.2825
13.150000, 108.217, -129.3300
13.200000, 108.228, -129.6168
13.400000, 108.270, -130.7500
13.600000, 108.311, -131.8615
13.800000, 108.349, -132.9517
14.000000, 108.386, -134.0214
14.300000, 108.440, -135.5895
14.500000, 108.474, -136.6117
14.750000, 108.513, -137.8646
15.000000, 108.549, -139.0909
15.250000, 108.583, -140.2914
15.500000, 108.615, -141.4662
15.750000, 108.646, -142.6157
16.000000, 108.675, -143.7401
16.250000, 108.702, -144.8403
16.500000, 108.727, -145.9175
16.750000, 108.751, -146.9731
17.000000, 108.773, -148.0090
17.250000, 108.794, -149.0266
17.500000, 108.813, -150.0270
17.750000, 108.831, -151.0107
18.000000, 108.848, -151.9778
18.250000, 108.861, -152.9279
18.500000, 108.872, -153.8605
18.750000, 108.881, -154.7755
19.000000, 108.890, -155.6733
19.250000, 108.897, -156.5544
19.500000, 108.904, -157.4198
19.750000, 108.909, -158.2704
20.000000, 108.914, -159.1075
20.299999, 108.918, -160.0950
20.600000, 108.921, -161.0655
20.900000, 108.924, -162.0200
21.200001, 108.925, -162.9594
21.400000, 108.925, -163.5775
21.799999, 108.923, -164.7939
22.000000, 108.921, -165.3920
22.400000, 108.915, -166.5668
22.700001, 108.909, -167.4282
23.000000, 108.902, -168.2728
23.299999, 108.894, -169.1016
23.600000, 108.885, -169.9162
24.000000, 108.871, -170.9835
24.299999, 108.860, -171.7714
24.700001, 108.843, -172.8060
25.000000, 108.830, -173.5692
25.400000, 108.811, -174.5697
25.799999, 108.790, -175.5513
26.200001, 108.767, -176.5155
26.500000, 108.749, -177.2274
26.900000, 108.724, -178.1606
27.200001, 108.704, -178.8473
27.600000, 108.677, -179.7446
28.000000, 108.650, 179.3773
28.500000, 108.615, 178.2996
29.000000, 108.579, 177.2381
29.500000, 108.542, 176.1943
30.000000, 108.502, 175.1749
30.400000, 108.471, 174.3788
30.700001, 108.448, 173.7917
31.100000, 108.416, 173.0191
31.500000, 108.384, 172.2558
32.000000, 108.342, 171.3150
32.500000, 108.299, 170.3926
33.000000, 108.253, 169.4910
33.500000, 108.207, 168.6086
34.000000, 108.161, 167.7430
34.500000, 108.114, 166.8931
35.000000, 108.066, 166.0587
35.500000, 108.017, 165.2393
36.000000, 107.966, 164.4333
36.500000, 107.916, 163.6390
37.000000, 107.864, 162.8561
37.500000, 107.812, 162.0850
38.200001, 107.738, 161.0284
38.700001, 107.685, 160.2910
39.500000, 107.598, 159.1375
40.000000, 107.543, 158.4306
40.599998, 107.477, 157.5969
41.200001, 107.410, 156.7804
41.799999, 107.343, 155.9794
42.500000, 107.264, 155.0602
43.099998, 107.196, 154.2852
43.700001, 107.126, 153.5256
44.400002, 107.044, 152.6604
45.000000, 106.973, 151.9346
45.500000, 106.914, 151.3398
46.200001, 106.831, 150.5224
46.799999, 106.760, 149.8336
47.500000, 106.677, 149.0386
48.200001, 106.591, 148.2560
48.700001, 106.529, 147.7103
49.400002, 106.442, 146.9671
50.000000, 106.368, 146.3434
50.799999, 106.268, 145.5251
51.500000, 106.180, 144.8243
52.200001, 106.092, 144.1381
53.000000, 105.991, 143.3681
53.799999, 105.890, 142.6086
54.500000, 105.800, 141.9526
55.200001, 105.710, 141.3106
56.000000, 105.607, 140.5886
57.000000, 105.478, 139.7010
58.000000, 105.350, 138.8737
59.000000, 105.231, 138.0101
60.000000, 105.094, 137.1132
60.799999, 104.974, 136.5193
61.500000, 104.879, 136.0632
62.200001, 104.790, 135.5903
63.000000, 104.687, 135.0300
64.000000, 104.556, 134.3454
65.000000, 104.425, 133.6622
66.000000, 104.291, 132.9958
67.000000, 104.158, 132.3523
68.000000, 104.027, 131.7188
69.000000, 103.895, 131.1016
70.000000, 103.762, 130.5064
71.000000, 103.629, 129.9362
72.000000, 103.494, 129.3899
73.000000, 103.360, 128.8580
74.000000, 103.224, 128.3369
75.000000, 103.088, 127.8345
76.199997, 102.927, 127.2573
77.500000, 102.753, 126.6520
78.800003, 102.580, 126.0703
80.000000, 102.418, 125.5722
81.199997, 102.256, 125.1051
82.500000, 102.079, 124.6195
83.800003, 101.902, 124.1700
85.000000, 101.740, 123.7713
86.199997, 101.579, 123.3793
87.500000, 101.403, 122.9728
88.500000, 101.268, 122.6846
90.000000, 101.067, 122.2899
91.199997, 100.907, 122.0001
92.500000, 100.733, 121.7098
93.800003, 100.558, 121.4425
95.000000, 100.396, 121.2253
96.199997, 100.236, 121.0283
97.500000, 100.064, 120.8199
98.800003, 99.892, 120.6387
100.000000, 99.736, 120.4971
101.500000, 99.544, 120.3502
103.000000, 99.355, 120.2229
104.400002, 99.176, 120.1348
106.000000, 98.970, 120.0726
107.500000, 98.775, 120.0368
109.000000, 98.581, 120.0120
110.599998, 98.372, 120.0324
112.000000, 98.200, 120.1300
113.800003, 97.993, 120.2219
115.000000, 97.852, 120.3019
117.199997, 97.595, 120.5351
118.000000, 97.503, 120.6321
120.599998, 97.204, 120.9479
122.000000, 97.043, 121.1563
124.099998, 96.810, 121.5259
125.000000, 96.712, 121.7010
126.500000, 96.549, 121.9927
128.000000, 96.383, 122.3094
131.500000, 96.013, 123.1815
132.000000, 95.962, 123.3115
134.000000, 95.766, 123.8798
136.000000, 95.581, 124.4783
138.000000, 95.397, 125.0739
140.000000, 95.213, 125.7013
143.000000, 94.953, 126.7330
145.000000, 94.792, 127.4770
147.500000, 94.598, 128.4100
150.000000, 94.407, 129.3619
152.500000, 94.233, 130.3109
155.000000, 94.080, 131.2830
157.500000, 93.937, 132.3073
160.000000, 93.777, 133.4006
162.500000, 93.584, 134.5067
165.000000, 93.371, 135.6129
167.500000, 93.161, 136.7686
170.000000, 92.978, 138.0435
172.500000, 92.831, 139.3514
175.000000, 92.704, 140.6656
177.500000, 92.600, 141.8729
180.000000, 92.525, 142.9640
182.500000, 92.486, 143.9353
185.000000, 92.468, 144.8160
187.500000, 92.462, 145.6533
190.000000, 92.462, 146.4897
192.500000, 92.464, 147.3446
195.000000, 92.466, 148.2273
197.500000, 92.468, 149.1141
200.000000, 92.472, 149.9499
203.000000, 92.469, 150.8828
206.000000, 92.457, 151.8075
209.000000, 92.439, 152.6864
212.000000, 92.428, 153.6846
214.000000, 92.426, 154.3366
218.000000, 92.406, 155.4920
220.000000, 92.396, 156.0298
224.000000, 92.395, 157.0316
227.000000, 92.396, 157.7473
230.000000, 92.389, 158.4447
233.000000, 92.380, 159.1234
236.000000, 92.389, 159.7990
240.000000, 92.417, 160.6951
243.000000, 92.422, 161.3218
247.000000, 92.424, 162.0810
250.000000, 92.436, 162.6138
254.000000, 92.454, 163.3287
258.000000, 92.471, 163.9911
262.000000, 92.488, 164.6097
265.000000, 92.500, 165.0569
269.000000, 92.514, 165.6204
272.000000, 92.525, 166.0311
276.000000, 92.538, 166.5724
280.000000, 92.548, 167.1039
285.000000, 92.565, 167.7465
290.000000, 92.586, 168.3307
295.000000, 92.607, 168.8958
300.000000, 92.628, 169.4290
304.000000, 92.642, 169.8489
307.000000, 92.652, 170.1552
311.000000, 92.665, 170.5464
315.000000, 92.678, 170.9242
320.000000, 92.695, 171.3864
325.000000, 92.710, 171.8380
330.000000, 92.726, 172.2662
335.000000, 92.744, 172.6849
340.000000, 92.758, 173.0773
345.000000, 92.770, 173.4559
350.000000, 92.784, 173.8285
355.000000, 92.799, 174.1879
360.000000, 92.813, 174.5394
365.000000, 92.827, 174.8725
370.000000, 92.840, 175.1965
375.000000, 92.852, 175.5162
382.000000, 92.866, 175.9407
387.000000, 92.875, 176.2375
395.000000, 92.889, 176.7065
400.000000, 92.898, 176.9877
406.000000, 92.908, 177.3140
412.000000, 92.918, 177.6328
418.000000, 92.927, 177.9466
425.000000, 92.935, 178.3087
431.000000, 92.943, 178.6151
437.000000, 92.950, 178.9101
444.000000, 92.959, 179.2455
450.000000, 92.965, 179.5273
455.000000, 92.969, 179.7538
462.000000, 92.974, -179.9358
468.000000, 92.978, -179.6699
475.000000, 92.982, -179.3667
482.000000, 92.985, -179.0714
487.000000, 92.986, -178.8601
494.000000, 92.987, -178.5652
500.000000, 92.988, -178.3166
508.000000, 92.988, -177.9832
515.000000, 92.988, -177.6929
522.000000, 92.987, -177.4019
530.000000, 92.986, -177.0667
538.000000, 92.983, -176.7336
545.000000, 92.980, -176.4411
552.000000, 92.978, -176.1444
560.000000, 92.974, -175.8048
570.000000, 92.969, -175.3794
580.000000, 92.964, -174.9528
590.000000, 92.959, -174.5247
600.000000, 92.954, -174.0898
608.000000, 92.950, -173.7379
615.000000, 92.947, -173.4272
622.000000, 92.944, -173.1154
630.000000, 92.941, -172.7567
640.000000, 92.937, -172.3083
650.000000, 92.934, -171.8519
660.000000, 92.931, -171.3917
670.000000, 92.928, -170.9233
680.000000, 92.926, -170.4476
690.000000, 92.925, -169.9654
700.000000, 92.924, -169.4759
710.000000, 92.924, -168.9774
720.000000, 92.925, -168.4730
730.000000, 92.928, -167.9573
740.000000, 92.933, -167.4337
750.000000, 92.938, -166.9019
762.000000, 92.947, -166.2559
775.000000, 92.960, -165.5477
788.000000, 92.977, -164.8259
800.000000, 92.995, -164.1508
812.000000, 93.016, -163.4687
825.000000, 93.043, -162.7238
838.000000, 93.074, -161.9772
850.000000, 93.103, -161.2870
862.000000, 93.133, -160.5986
875.000000, 93.173, -159.8584
885.000000, 93.213, -159.2954
900.000000, 93.277, -158.4591
912.000000, 93.321, -157.7986
925.000000, 93.368, -157.0954
938.000000, 93.420, -156.4065
950.000000, 93.473, -155.7833
962.000000, 93.532, -155.1771
975.000000, 93.600, -154.5413
988.000000, 93.670, -153.9296
1000.000000, 93.736, -153.3886
1015.000000, 93.820, -152.7468
1030.000000, 93.906, -152.1448
1044.000000, 93.987, -151.6218
1060.000000, 94.082, -151.0721
1075.000000, 94.171, -150.6012
1090.000000, 94.259, -150.1699
1106.000000, 94.353, -149.7512
1120.000000, 94.435, -149.4175
1138.000000, 94.540, -149.0302
1150.000000, 94.610, -148.7954
1172.000000, 94.735, -148.4104
1180.000000, 94.779, -148.2834
1206.000000, 94.918, -147.9100
1220.000000, 94.990, -147.7316
1241.000000, 95.098, -147.4854
1250.000000, 95.145, -147.3861
1265.000000, 95.221, -147.2274
1280.000000, 95.297, -147.0746
1315.000000, 95.473, -146.7360
1320.000000, 95.498, -146.6893
1340.000000, 95.597, -146.5065
1360.000000, 95.695, -146.3287
1380.000000, 95.794, -146.1580
1400.000000, 95.894, -145.9949
1430.000000, 96.042, -145.7719
1450.000000, 96.141, -145.6384
1475.000000, 96.264, -145.4905
1500.000000, 96.385, -145.3695
1525.000000, 96.504, -145.2789
1550.000000, 96.620, -145.2155
1575.000000, 96.733, -145.1685
1600.000000, 96.844, -145.1337
1625.000000, 96.952, -145.1143
1650.000000, 97.057, -145.1084
1675.000000, 97.160, -145.1121
1700.000000, 97.259, -145.1198
1725.000000, 97.355, -145.1282
1750.000000, 97.450, -145.1361
1775.000000, 97.542, -145.1412
1800.000000, 97.632, -145.1425
1825.000000, 97.722, -145.1401
1850.000000, 97.813, -145.1351
1875.000000, 97.904, -145.1284
1900.000000, 97.997, -145.1204
1925.000000, 98.091, -145.1117
1950.000000, 98.188, -145.1036
1975.000000, 98.286, -145.0977
2000.000000, 98.385, -145.0961
2030.000000, 98.505, -145.1029
2060.000000, 98.626, -145.1200
2090.000000, 98.750, -145.1483
2120.000000, 98.875, -145.1896
2140.000000, 98.960, -145.2246
2180.000000, 99.132, -145.3152
2200.000000, 99.219, -145.3723
2240.000000, 99.398, -145.5133
2270.000000, 99.533, -145.6457
2300.000000, 99.671, -145.8037
2330.000000, 99.811, -145.9890
2360.000000, 99.952, -146.2042
2400.000000, 100.142, -146.5389
2430.000000, 100.284, -146.8264
2470.000000, 100.473, -147.2614
2500.000000, 100.614, -147.6266
2540.000000, 100.802, -148.1646
2580.000000, 100.989, -148.7550
2620.000000, 101.173, -149.3949
2650.000000, 101.310, -149.9080
2690.000000, 101.488, -150.6396
2720.000000, 101.620, -151.2278
2760.000000, 101.792, -152.0653
2800.000000, 101.959, -152.9568
2850.000000, 102.158, -154.1336
2900.000000, 102.345, -155.3696
2950.000000, 102.522, -156.6596
3000.000000, 102.686, -157.9963
3040.000000, 102.806, -159.0916
3070.000000, 102.888, -159.9260
3110.000000, 102.984, -161.0538
3150.000000, 103.059, -162.1966
3200.000000, 103.119, -163.6428
3250.000000, 103.146, -165.1030
3300.000000, 103.138, -166.5558
3350.000000, 103.113, -167.9713
3400.000000, 103.090, -169.3465
3450.000000, 103.077, -170.6898
3500.000000, 103.082, -172.0060
3550.000000, 103.094, -173.2992
3600.000000, 103.103, -174.5714
3650.000000, 103.093, -175.8237
3700.000000, 103.052, -177.0595
3750.000000, 102.974, -178.2797
3820.000000, 102.804, -179.9485
3870.000000, 102.657, 178.9009
3950.000000, 102.405, 177.1437
4000.000000, 102.251, 176.0975
4060.000000, 102.084, 174.9009
4120.000000, 101.940, 173.7777
4180.000000, 101.824, 172.7342
4250.000000, 101.711, 171.6198
4310.000000, 101.626, 170.7522
4370.000000, 101.543, 169.9633
4440.000000, 101.437, 169.1376
4500.000000, 101.335, 168.5055
4550.000000, 101.240, 168.0283
4620.000000, 101.092, 167.4330
4680.000000, 100.952, 166.9908
4750.000000, 100.775, 166.5576
4820.000000, 100.587, 166.2155
4870.000000, 100.447, 166.0280
4940.000000, 100.243, 165.8456
5000.000000, 100.064, 165.7628
5080.000000, 99.822, 165.7573
5150.000000, 99.610, 165.8509
5220.000000, 99.399, 166.0378
5300.000000, 99.163, 166.3689
5380.000000, 98.938, 166.8239
5450.000000, 98.752, 167.3156
5520.000000, 98.576, 167.8820
5600.000000, 98.385, 168.6047
5700.000000, 98.153, 169.6029
5800.000000, 97.928, 170.7086
5900.000000, 97.710, 171.9424
6000.000000, 97.516, 173.3099
6080.000000, 97.389, 174.4765
6150.000000, 97.303, 175.5279
6220.000000, 97.242, 176.5938
6300.000000, 97.204, 177.8156
6400.000000, 97.204, 179.3239
6500.000000, 97.256, -179.2285
6600.000000, 97.359, -177.8940
6700.000000, 97.513, -176.7344
6800.000000, 97.714, -175.8196
6900.000000, 97.959, -175.2226
7000.000000, 98.239, -175.0134
7100.000000, 98.543, -175.2411
7200.000000, 98.858, -175.9033
7300.000000, 99.166, -176.9237
7400.000000, 99.467, -178.1573
7500.000000, 99.784, -179.4808
7620.000000, 100.234, 178.6640
7750.000000, 100.788, 175.5267
7880.000000, 101.251, 170.2336
8000.000000, 101.425, 163.3264
8120.000000, 101.211, 155.2957
8250.000000, 100.521, 146.7581
8380.000000, 99.473, 139.6713
8500.000000, 98.324, 134.9772
8620.000000, 97.123, 132.0742
8750.000000, 95.852, 130.6591
8850.000000, 94.928, 130.5471
9000.000000, 93.642, 131.5687
9120.000000, 92.693, 133.1551
9250.000000, 91.738, 135.4345
9380.000000, 90.855, 138.1520
9500.000000, 90.104, 140.9562
9620.000000, 89.415, 143.9818
9750.000000, 88.734, 147.4611
9880.000000, 88.116, 151.1165
10000.000000, 87.597, 154.6286
10150.000000, 87.013, 159.1918
10300.000000, 86.499, 163.9389
10440.000000, 86.081, 168.5235
10600.000000, 85.679, 173.9240
10750.000000, 85.378, 179.1069
10900.000000, 85.153, -175.6423
11060.000000, 85.001, -170.0239
11200.000000, 84.941, -165.1369
11380.000000, 84.961, -158.9465
11500.000000, 85.036, -154.9033
11720.000000, 85.305, -147.7206
11800.000000, 85.446, -145.1960
12060.000000, 86.070, -137.3878
12200.000000, 86.517, -133.4961
12410.000000, 87.351, -128.1972
12500.000000, 87.772, -126.1707
12650.000000, 88.558, -123.2062
12800.000000, 89.445, -120.8845
13150.000000, 91.676, -119.1783
13200.000000, 91.963, -119.5071
13400.000000, 92.909, -122.6309
13600.000000, 93.408, -128.8405
13800.000000, 93.254, -137.6575
14000.000000, 92.623, -147.6594
14300.000000, 91.441, -161.0260
14500.000000, 90.552, -167.2242
14750.000000, 89.524, -171.6780
15000.000000, 88.720, -173.3318
15250.000000, 88.152, -173.8344
15500.000000, 87.565, -174.8646
15750.000000, 86.543, -176.9416
16000.000000, 85.196, -179.5106
16250.000000, 83.799, 178.1900
16500.000000, 82.425, 176.7509
16750.000000, 81.155, 176.5334
17000.000000, 79.977, 177.6799
17250.000000, 78.869, -179.8513
17500.000000, 77.836, -176.2087
17750.000000, 76.891, -171.5627
18000.000000, 76.060, -166.0726
18250.000000, 75.370, -159.8811
18500.000000, 74.819, -153.1214
18750.000000, 74.398, -145.9165
19000.000000, 74.111, -138.4133
19250.000000, 73.951, -130.8250
19500.000000, 73.892, -123.4471
19750.000000, 73.891, -116.6542
20000.000000, 73.912, -110.8125
20300.000000, 73.887, -105.2083
20600.000000, 73.738, -100.6484
20900.000000, 73.457, -96.1780
21200.000000, 73.116, -91.0742
21400.000000, 72.910, -87.2988
21800.000000, 72.649, -79.6226
22000.000000, 72.596, -76.2598
22400.000000, 72.457, -71.8982
22700.000000, 71.998, -71.4668
23000.000000, 70.824, -73.7856
23300.000000, 68.510, -78.8287
23600.000000, 64.648, -85.2550
24000.000000, 58.302, -90.1691
