* Measurement data measured by REW V5.31.3
* Source: Loopback 1/2 (2- E2x2), LINE_IN (Master Volume), R, volume: 1.000. Timing signal peak level -33.0 dBFS, measurement signal peak level -32.1 dBFS
* Format: 2M Log Swept Sine, 1 sweep at -12.0 dBFS using an acoustic timing reference
* Dated: Nov 21, 2024 9:29:12 AM
* REW Settings:
*  C-weighting compensation: Off
*  Target level: 75.0 dB
* Note: ; Delay -0.0574 ms (-20 mm, -0.77 in) using estimated IR delay relative to Acoustic reference played from SPEAKER L with no timing offset Clock adjustment: 5.2 ppm
* Measurement: Sennheiser IE200 L
* Smoothing: 1/24 octave
* Frequency Step: 1/48 octave
* Start Frequency: 1.000 Hz
*
* Freq(Hz), SPL(dB), Phase(degrees)
1.000000, 64.658, 97.4818
1.015000, 65.034, 96.6327
1.030000, 65.404, 95.7584
1.044000, 65.745, 94.9185
1.060000, 66.128, 93.9288
1.075000, 66.482, 92.9714
1.090000, 66.830, 91.9861
1.106000, 67.195, 90.9148
1.120000, 67.507, 89.9796
1.138000, 67.896, 88.7952
1.150000, 68.148, 88.0185
1.172000, 68.596, 86.6222
1.180000, 68.754, 86.1233
1.206000, 69.255, 84.5326
1.220000, 69.516, 83.6948
1.241000, 69.897, 82.4608
1.250000, 70.057, 81.9397
1.265000, 70.318, 81.0807
1.280000, 70.575, 80.2327
1.315000, 71.156, 78.2900
1.320000, 71.237, 78.0159
1.340000, 71.558, 76.9269
1.360000, 71.874, 75.8470
1.380000, 72.185, 74.7738
1.400000, 72.494, 73.7045
1.430000, 72.953, 72.1026
1.450000, 73.258, 71.0331
1.475000, 73.637, 69.6988
1.500000, 74.008, 68.3851
1.525000, 74.370, 67.1000
1.550000, 74.721, 65.8420
1.575000, 75.064, 64.6080
1.600000, 75.399, 63.3948
1.625000, 75.726, 62.1991
1.650000, 76.046, 61.0174
1.675000, 76.359, 59.8466
1.700000, 76.667, 58.6834
1.725000, 76.969, 57.5247
1.750000, 77.267, 56.3675
1.775000, 77.560, 55.2088
1.800000, 77.851, 54.0461
1.825000, 78.138, 52.8777
1.850000, 78.421, 51.7062
1.875000, 78.699, 50.5384
1.900000, 78.971, 49.3783
1.925000, 79.237, 48.2284
1.950000, 79.497, 47.0901
1.975000, 79.753, 45.9642
2.000000, 80.004, 44.8512
2.030000, 80.300, 43.5326
2.060000, 80.589, 42.2319
2.090000, 80.873, 40.9480
2.120000, 81.153, 39.6793
2.140000, 81.337, 38.8410
2.180000, 81.699, 37.1793
2.200000, 81.878, 36.3542
2.240000, 82.229, 34.7128
2.270000, 82.485, 33.4907
2.300000, 82.736, 32.2789
2.330000, 82.981, 31.0793
2.360000, 83.222, 29.8933
2.400000, 83.535, 28.3347
2.430000, 83.766, 27.1833
2.470000, 84.067, 25.6715
2.500000, 84.289, 24.5546
2.540000, 84.581, 23.0866
2.580000, 84.866, 21.6379
2.620000, 85.145, 20.2014
2.650000, 85.350, 19.1317
2.690000, 85.616, 17.7183
2.720000, 85.812, 16.6697
2.760000, 86.067, 15.2890
2.800000, 86.318, 13.9296
2.850000, 86.623, 12.2623
2.900000, 86.923, 10.6306
2.950000, 87.215, 9.0297
3.000000, 87.500, 7.4484
3.040000, 87.722, 6.1963
3.070000, 87.885, 5.2659
3.110000, 88.099, 4.0388
3.150000, 88.309, 2.8284
3.200000, 88.565, 1.3406
3.250000, 88.816, -0.1177
3.300000, 89.063, -1.5479
3.350000, 89.304, -2.9572
3.400000, 89.539, -4.3506
3.450000, 89.768, -5.7265
3.500000, 89.992, -7.0828
3.550000, 90.212, -8.4179
3.600000, 90.427, -9.7305
3.650000, 90.639, -11.0208
3.700000, 90.846, -12.2924
3.750000, 91.049, -13.5500
3.820000, 91.326, -15.2873
3.870000, 91.519, -16.5098
3.950000, 91.820, -18.4307
4.000000, 92.004, -19.6089
4.060000, 92.220, -21.0027
4.120000, 92.432, -22.3803
4.180000, 92.638, -23.7424
4.250000, 92.873, -25.3094
4.310000, 93.069, -26.6314
4.370000, 93.261, -27.9333
4.440000, 93.480, -29.4309
4.500000, 93.663, -30.7015
4.550000, 93.812, -31.7509
4.620000, 94.016, -33.2027
4.680000, 94.186, -34.4286
4.750000, 94.381, -35.8363
4.820000, 94.570, -37.2247
4.870000, 94.701, -38.2078
4.940000, 94.881, -39.5710
5.000000, 95.031, -40.7244
5.080000, 95.226, -42.2365
5.150000, 95.392, -43.5357
5.220000, 95.553, -44.8190
5.300000, 95.732, -46.2681
5.380000, 95.905, -47.6937
5.450000, 96.052, -48.9181
5.520000, 96.195, -50.1213
5.600000, 96.354, -51.4765
5.700000, 96.546, -53.1426
5.800000, 96.730, -54.7716
5.900000, 96.909, -56.3609
6.000000, 97.081, -57.9182
6.080000, 97.214, -59.1423
6.150000, 97.328, -60.1958
6.220000, 97.439, -61.2324
6.300000, 97.563, -62.3983
6.400000, 97.713, -63.8314
6.500000, 97.859, -65.2370
6.600000, 98.001, -66.6140
6.700000, 98.138, -67.9656
6.800000, 98.271, -69.2942
6.900000, 98.399, -70.5985
7.000000, 98.524, -71.8786
7.100000, 98.646, -73.1379
7.200000, 98.763, -74.3763
7.300000, 98.877, -75.5920
7.400000, 98.987, -76.7859
7.500000, 99.094, -77.9604
7.620000, 99.218, -79.3426
7.750000, 99.348, -80.8045
7.880000, 99.472, -82.2332
8.000000, 99.584, -83.5230
8.120000, 99.692, -84.7843
8.250000, 99.807, -86.1214
8.380000, 99.918, -87.4309
8.500000, 100.018, -88.6168
8.620000, 100.117, -89.7826
8.750000, 100.221, -91.0268
8.850000, 100.300, -91.9728
9.000000, 100.416, -93.3756
9.120000, 100.506, -94.4863
9.250000, 100.601, -95.6811
9.380000, 100.693, -96.8678
9.500000, 100.776, -97.9555
9.620000, 100.855, -99.0369
9.750000, 100.937, -100.2008
9.880000, 101.007, -101.3528
10.000000, 101.060, -102.4050
10.150000, 101.112, -103.7034
10.300000, 101.153, -104.9746
10.440000, 101.185, -106.1357
10.600000, 101.216, -107.4260
10.750000, 101.242, -108.5947
10.900000, 101.267, -109.7228
11.060000, 101.291, -110.8753
11.200000, 101.312, -111.8406
11.380000, 101.338, -113.0219
11.500000, 101.357, -113.7717
11.720000, 101.394, -115.0748
11.800000, 101.410, -115.5272
12.060000, 101.468, -116.9317
12.200000, 101.504, -117.6572
12.410000, 101.567, -118.7234
12.500000, 101.598, -119.1798
12.650000, 101.652, -119.9450
12.800000, 101.711, -120.7269
13.150000, 101.857, -122.6627
13.200000, 101.878, -122.9547
13.400000, 101.958, -124.1640
13.600000, 102.029, -125.4282
13.800000, 102.086, -126.7321
14.000000, 102.127, -128.0408
14.300000, 102.159, -129.9420
14.500000, 102.162, -131.1139
14.750000, 102.155, -132.4283
15.000000, 102.147, -133.5648
15.250000, 102.153, -134.5558
15.500000, 102.181, -135.4806
15.750000, 102.233, -136.4292
16.000000, 102.299, -137.4858
16.250000, 102.365, -138.6858
16.500000, 102.417, -140.0124
16.750000, 102.442, -141.4023
17.000000, 102.439, -142.7610
17.250000, 102.411, -144.0037
17.500000, 102.371, -145.0700
17.750000, 102.335, -145.9527
18.000000, 102.314, -146.6946
18.250000, 102.312, -147.3696
18.500000, 102.328, -148.0551
18.750000, 102.353, -148.7934
19.000000, 102.377, -149.5865
19.250000, 102.393, -150.3943
19.500000, 102.403, -151.1670
19.750000, 102.411, -151.8729
20.000000, 102.428, -152.5187
20.299999, 102.468, -153.2897
20.600000, 102.525, -154.1722
20.900000, 102.581, -155.2467
21.200001, 102.609, -156.4838
21.400000, 102.600, -157.3262
21.799999, 102.520, -158.7817
22.000000, 102.461, -159.2885
22.400000, 102.367, -159.7971
22.700001, 102.360, -159.9334
23.000000, 102.416, -160.1812
23.299999, 102.505, -160.7863
23.600000, 102.577, -161.8030
24.000000, 102.576, -163.4906
24.299999, 102.492, -164.6152
24.700001, 102.329, -165.4451
25.000000, 102.244, -165.5400
25.400000, 102.259, -165.4835
25.799999, 102.393, -166.0354
26.200001, 102.512, -167.5786
26.500000, 102.513, -169.1512
26.900000, 102.364, -171.1205
27.200001, 102.174, -172.0505
27.600000, 101.929, -172.2738
28.000000, 101.824, -171.7263
28.500000, 101.924, -171.3254
29.000000, 102.101, -172.1763
29.500000, 102.173, -173.8433
30.000000, 102.133, -175.4485
30.400000, 102.078, -176.4675
30.700001, 102.039, -177.1510
31.100000, 101.981, -178.0569
31.500000, 101.888, -178.9111
32.000000, 101.720, -179.5807
32.500000, 101.561, -179.5500
33.000000, 101.497, -179.0961
33.500000, 101.535, -178.8487
34.000000, 101.603, -179.1506
34.500000, 101.638, -179.9019
35.000000, 101.619, 179.1352
35.500000, 101.544, 178.1460
36.000000, 101.413, 177.3415
36.500000, 101.256, 176.9766
37.000000, 101.142, 177.0936
37.500000, 101.131, 177.2849
38.200001, 101.229, 176.6306
38.700001, 101.248, 175.4489
39.500000, 101.095, 173.7460
40.000000, 100.981, 173.3807
40.599998, 100.934, 173.3345
41.200001, 100.965, 173.1223
41.799999, 101.010, 172.6254
42.500000, 101.054, 171.7802
43.099998, 101.050, 170.8164
43.700001, 100.961, 169.9543
44.400002, 100.816, 169.6567
45.000000, 100.759, 169.6360
45.500000, 100.735, 169.2795
46.200001, 100.590, 168.4822
46.799999, 100.382, 168.4695
47.500000, 100.265, 169.2909
48.200001, 100.324, 169.4535
48.700001, 100.350, 168.8525
49.400002, 100.281, 167.8220
50.000000, 100.193, 167.3166
50.799999, 100.138, 166.8415
51.500000, 100.104, 166.2056
52.200001, 100.034, 165.6294
53.000000, 99.963, 165.2760
53.799999, 99.915, 164.8412
54.500000, 99.832, 164.4348
55.200001, 99.746, 164.3830
56.000000, 99.737, 164.1722
57.000000, 99.669, 162.9839
58.000000, 99.542, 162.4918
59.000000, 99.600, 161.2668
60.000000, 99.408, 159.0313
60.799999, 99.116, 158.8237
61.500000, 98.980, 159.6653
62.200001, 98.959, 160.5839
63.000000, 99.011, 161.4086
64.000000, 99.129, 161.7150
65.000000, 99.148, 161.1954
66.000000, 99.037, 160.8331
67.000000, 98.919, 160.8253
68.000000, 98.820, 160.7513
69.000000, 98.739, 160.6430
70.000000, 98.696, 160.4523
71.000000, 98.681, 159.9897
72.000000, 98.632, 159.2063
73.000000, 98.521, 158.6593
74.000000, 98.431, 158.3993
75.000000, 98.338, 158.0396
76.199997, 98.217, 157.9044
77.500000, 98.154, 157.9755
78.800003, 98.143, 157.8702
80.000000, 98.115, 157.7449
81.199997, 98.082, 157.7731
82.500000, 98.024, 157.7336
83.800003, 97.934, 157.6697
85.000000, 97.845, 157.5308
86.199997, 97.760, 157.2486
87.500000, 97.677, 156.8555
88.500000, 97.612, 156.5497
90.000000, 97.512, 156.4457
91.199997, 97.468, 156.5880
92.500000, 97.438, 156.5615
93.800003, 97.383, 156.2587
95.000000, 97.286, 155.9325
96.199997, 97.176, 155.9126
97.500000, 97.107, 156.1707
98.800003, 97.085, 156.3248
100.000000, 97.067, 156.3672
101.500000, 97.034, 156.2200
103.000000, 96.942, 155.9366
104.400002, 96.825, 155.8643
106.000000, 96.717, 156.2363
107.500000, 96.709, 156.6201
109.000000, 96.710, 156.5174
110.599998, 96.649, 156.2682
112.000000, 96.559, 156.1325
113.800003, 96.440, 156.0955
115.000000, 96.369, 156.0332
117.199997, 96.211, 156.2984
118.000000, 96.173, 156.6359
120.599998, 96.172, 157.3142
122.000000, 96.147, 156.9759
124.099998, 96.035, 156.7466
125.000000, 95.997, 156.7972
126.500000, 95.951, 156.8827
128.000000, 95.904, 156.9622
131.500000, 95.778, 156.7976
132.000000, 95.758, 156.7441
134.000000, 95.685, 156.6387
136.000000, 95.637, 156.8543
138.000000, 95.616, 157.2872
140.000000, 95.579, 157.5402
143.000000, 95.491, 157.7471
145.000000, 95.429, 157.6377
147.500000, 95.344, 157.7054
150.000000, 95.313, 157.8516
152.500000, 95.298, 157.7133
155.000000, 95.241, 157.6083
157.500000, 95.154, 157.7699
160.000000, 95.057, 158.1006
162.500000, 94.962, 158.4478
165.000000, 94.845, 158.6560
167.500000, 94.712, 158.7606
170.000000, 94.594, 158.7354
172.500000, 94.498, 158.8492
175.000000, 94.424, 159.2431
177.500000, 94.357, 159.6069
180.000000, 94.286, 159.8430
182.500000, 94.221, 159.9653
185.000000, 94.169, 160.0485
187.500000, 94.142, 160.1503
190.000000, 94.138, 160.2974
192.500000, 94.155, 160.5139
195.000000, 94.184, 160.7186
197.500000, 94.197, 160.9284
200.000000, 94.191, 161.1223
203.000000, 94.148, 161.1534
206.000000, 94.087, 161.2762
209.000000, 94.058, 161.7335
212.000000, 94.032, 162.0472
214.000000, 93.996, 162.2260
218.000000, 93.908, 162.6983
220.000000, 93.881, 162.9586
224.000000, 93.850, 163.3242
227.000000, 93.789, 163.6393
230.000000, 93.673, 163.7721
233.000000, 93.584, 164.1622
236.000000, 93.565, 164.7447
240.000000, 93.452, 165.3797
243.000000, 93.425, 165.4113
247.000000, 93.501, 165.2959
250.000000, 93.537, 165.6288
254.000000, 93.575, 165.1930
258.000000, 93.494, 164.8648
262.000000, 93.347, 165.3944
265.000000, 93.362, 165.8457
269.000000, 93.441, 166.0636
272.000000, 93.452, 166.0650
276.000000, 93.428, 166.1071
280.000000, 93.396, 166.7705
285.000000, 93.322, 167.3975
290.000000, 93.279, 167.8075
295.000000, 93.241, 167.9624
300.000000, 93.199, 168.4233
304.000000, 93.166, 168.7966
307.000000, 93.141, 169.0581
311.000000, 93.113, 169.3222
315.000000, 93.095, 169.4576
320.000000, 93.071, 169.7506
325.000000, 93.042, 170.1133
330.000000, 93.016, 170.4183
335.000000, 92.988, 170.6922
340.000000, 92.962, 170.9941
345.000000, 92.943, 171.3311
350.000000, 92.917, 171.6413
355.000000, 92.886, 171.9573
360.000000, 92.861, 172.2873
365.000000, 92.841, 172.5828
370.000000, 92.815, 172.9141
375.000000, 92.788, 173.2679
382.000000, 92.761, 173.6565
387.000000, 92.748, 173.9234
395.000000, 92.726, 174.3853
400.000000, 92.707, 174.6490
406.000000, 92.677, 174.9949
412.000000, 92.657, 175.3406
418.000000, 92.642, 175.6656
425.000000, 92.620, 176.0553
431.000000, 92.605, 176.3668
437.000000, 92.594, 176.6453
444.000000, 92.571, 177.0937
450.000000, 92.553, 177.4543
455.000000, 92.541, 177.7406
462.000000, 92.525, 178.1190
468.000000, 92.512, 178.4290
475.000000, 92.500, 178.8046
482.000000, 92.486, 179.1830
487.000000, 92.474, 179.4532
494.000000, 92.460, 179.8309
500.000000, 92.452, -179.8503
508.000000, 92.439, -179.4019
515.000000, 92.427, -179.0036
522.000000, 92.417, -178.6292
530.000000, 92.407, -178.1961
538.000000, 92.400, -177.7495
545.000000, 92.397, -177.3817
552.000000, 92.391, -177.0248
560.000000, 92.384, -176.6191
570.000000, 92.378, -176.0912
580.000000, 92.373, -175.5358
590.000000, 92.366, -175.0021
600.000000, 92.359, -174.4876
608.000000, 92.358, -174.0728
615.000000, 92.358, -173.7225
622.000000, 92.358, -173.3738
630.000000, 92.359, -172.9345
640.000000, 92.364, -172.3876
650.000000, 92.371, -171.8464
660.000000, 92.378, -171.3061
670.000000, 92.382, -170.7799
680.000000, 92.389, -170.2386
690.000000, 92.401, -169.6744
700.000000, 92.416, -169.1003
710.000000, 92.429, -168.5472
720.000000, 92.445, -168.0069
730.000000, 92.467, -167.4740
740.000000, 92.488, -166.9167
750.000000, 92.508, -166.3482
762.000000, 92.535, -165.6788
775.000000, 92.572, -164.9500
788.000000, 92.615, -164.2020
800.000000, 92.659, -163.5097
812.000000, 92.707, -162.8047
825.000000, 92.764, -162.0417
838.000000, 92.830, -161.3095
850.000000, 92.894, -160.6668
862.000000, 92.960, -160.0483
875.000000, 93.037, -159.4107
885.000000, 93.103, -158.9285
900.000000, 93.202, -158.2235
912.000000, 93.271, -157.6963
925.000000, 93.345, -157.1418
938.000000, 93.427, -156.5991
950.000000, 93.508, -156.1225
962.000000, 93.591, -155.6670
975.000000, 93.684, -155.2003
988.000000, 93.778, -154.7712
1000.000000, 93.866, -154.4083
1015.000000, 93.977, -153.9989
1030.000000, 94.088, -153.6343
1044.000000, 94.191, -153.3347
1060.000000, 94.310, -153.0469
1075.000000, 94.422, -152.8242
1090.000000, 94.533, -152.6479
1106.000000, 94.649, -152.5134
1120.000000, 94.750, -152.4349
1138.000000, 94.879, -152.3993
1150.000000, 94.964, -152.4155
1172.000000, 95.115, -152.5066
1180.000000, 95.167, -152.5536
1206.000000, 95.325, -152.7725
1220.000000, 95.404, -152.9229
1241.000000, 95.518, -153.1528
1250.000000, 95.564, -153.2497
1265.000000, 95.640, -153.4152
1280.000000, 95.716, -153.5900
1315.000000, 95.887, -154.0410
1320.000000, 95.910, -154.1099
1340.000000, 96.002, -154.3910
1360.000000, 96.089, -154.6767
1380.000000, 96.171, -154.9668
1400.000000, 96.250, -155.2540
1430.000000, 96.360, -155.6825
1450.000000, 96.429, -155.9626
1475.000000, 96.511, -156.3039
1500.000000, 96.589, -156.6362
1525.000000, 96.663, -156.9555
1550.000000, 96.737, -157.2688
1575.000000, 96.811, -157.5794
1600.000000, 96.883, -157.8990
1625.000000, 96.953, -158.2303
1650.000000, 97.022, -158.5735
1675.000000, 97.087, -158.9358
1700.000000, 97.149, -159.2989
1725.000000, 97.207, -159.6571
1750.000000, 97.263, -160.0172
1775.000000, 97.317, -160.3783
1800.000000, 97.368, -160.7386
1825.000000, 97.417, -161.1054
1850.000000, 97.467, -161.4710
1875.000000, 97.515, -161.8403
1900.000000, 97.563, -162.2208
1925.000000, 97.608, -162.6071
1950.000000, 97.652, -162.9939
1975.000000, 97.695, -163.3736
2000.000000, 97.737, -163.7550
2030.000000, 97.785, -164.2236
2060.000000, 97.831, -164.7022
2090.000000, 97.872, -165.1826
2120.000000, 97.908, -165.6612
2140.000000, 97.929, -165.9789
2180.000000, 97.964, -166.5863
2200.000000, 97.979, -166.8662
2240.000000, 98.008, -167.3578
2270.000000, 98.036, -167.6738
2300.000000, 98.070, -167.9623
2330.000000, 98.114, -168.2512
2360.000000, 98.164, -168.5727
2400.000000, 98.239, -169.0731
2430.000000, 98.295, -169.5054
2470.000000, 98.368, -170.1509
2500.000000, 98.422, -170.6913
2540.000000, 98.488, -171.4925
2580.000000, 98.544, -172.3622
2620.000000, 98.589, -173.2760
2650.000000, 98.615, -173.9872
2690.000000, 98.637, -174.9609
2720.000000, 98.642, -175.6981
2760.000000, 98.636, -176.6758
2800.000000, 98.616, -177.6180
2850.000000, 98.575, -178.7201
2900.000000, 98.521, -179.7283
2950.000000, 98.457, 179.3598
3000.000000, 98.386, 178.5394
3040.000000, 98.324, 177.9391
3070.000000, 98.274, 177.5161
3110.000000, 98.200, 176.9848
3150.000000, 98.113, 176.4955
3200.000000, 97.979, 175.9352
3250.000000, 97.822, 175.4203
3300.000000, 97.643, 174.9534
3350.000000, 97.455, 174.5415
3400.000000, 97.272, 174.1927
3450.000000, 97.103, 173.9236
3500.000000, 96.957, 173.7447
3550.000000, 96.826, 173.6420
3600.000000, 96.701, 173.6082
3650.000000, 96.567, 173.6410
3700.000000, 96.408, 173.7414
3750.000000, 96.222, 173.9074
3820.000000, 95.918, 174.2668
3870.000000, 95.689, 174.6241
3950.000000, 95.332, 175.3612
4000.000000, 95.131, 175.9225
4060.000000, 94.929, 176.6848
4120.000000, 94.774, 177.5312
4180.000000, 94.672, 178.4319
4250.000000, 94.601, 179.5200
4310.000000, 94.573, -179.5284
4370.000000, 94.562, -178.5703
4440.000000, 94.556, -177.4548
4500.000000, 94.551, -176.5014
4550.000000, 94.542, -175.7074
4620.000000, 94.524, -174.5934
4680.000000, 94.504, -173.6382
4750.000000, 94.478, -172.5115
4820.000000, 94.448, -171.3692
4870.000000, 94.425, -170.5423
4940.000000, 94.393, -169.3559
5000.000000, 94.367, -168.3200
5080.000000, 94.336, -166.9196
5150.000000, 94.316, -165.6769
5220.000000, 94.306, -164.4233
5300.000000, 94.308, -162.9862
5380.000000, 94.324, -161.5564
5450.000000, 94.347, -160.3086
5520.000000, 94.378, -159.0450
5600.000000, 94.422, -157.5690
5700.000000, 94.490, -155.7340
5800.000000, 94.575, -153.9508
5900.000000, 94.670, -152.2292
6000.000000, 94.785, -150.5648
6080.000000, 94.896, -149.2803
6150.000000, 95.011, -148.1995
6220.000000, 95.145, -147.1632
6300.000000, 95.318, -146.0324
6400.000000, 95.567, -144.7140
6500.000000, 95.850, -143.5140
6600.000000, 96.165, -142.4534
6700.000000, 96.512, -141.5597
6800.000000, 96.892, -140.8575
6900.000000, 97.305, -140.3773
7000.000000, 97.754, -140.1718
7100.000000, 98.241, -140.2932
7200.000000, 98.767, -140.8011
7300.000000, 99.329, -141.7728
7400.000000, 99.917, -143.2965
7500.000000, 100.512, -145.4598
7620.000000, 101.190, -148.9686
7750.000000, 101.786, -153.8884
7880.000000, 102.130, -159.8006
8000.000000, 102.203, -165.8169
8120.000000, 102.034, -171.9601
8250.000000, 101.617, -178.2463
8380.000000, 101.030, 176.3217
8500.000000, 100.394, 172.3275
8620.000000, 99.724, 169.3946
8750.000000, 99.006, 167.3565
8850.000000, 98.483, 166.5023
9000.000000, 97.771, 166.1815
9120.000000, 97.268, 166.5904
9250.000000, 96.809, 167.5305
9380.000000, 96.465, 168.7520
9500.000000, 96.262, 169.8304
9620.000000, 96.168, 170.5940
9750.000000, 96.168, 170.7353
9880.000000, 96.226, 169.7940
10000.000000, 96.247, 167.7906
10150.000000, 96.091, 164.0409
10300.000000, 95.627, 159.9139
10440.000000, 94.928, 156.8674
10600.000000, 93.947, 155.1929
10750.000000, 93.005, 155.4492
10900.000000, 92.144, 157.0612
11060.000000, 91.362, 159.7335
11200.000000, 90.794, 162.5402
11380.000000, 90.208, 166.4628
11500.000000, 89.896, 169.1613
11720.000000, 89.466, 174.1488
11800.000000, 89.352, 175.9513
12060.000000, 89.123, -178.2957
12200.000000, 89.080, -175.2859
12410.000000, 89.119, -170.9149
12500.000000, 89.174, -169.0921
12650.000000, 89.315, -166.1199
12800.000000, 89.510, -163.2428
13150.000000, 90.006, -156.9391
13200.000000, 90.045, -156.0889
13400.000000, 90.050, -152.8444
13600.000000, 89.822, -149.8899
13800.000000, 89.369, -147.2818
14000.000000, 89.097, -145.1228
14300.000000, 89.762, -142.9947
14500.000000, 90.682, -142.5212
14750.000000, 92.206, -143.5342
15000.000000, 93.956, -147.2527
15250.000000, 95.686, -154.8857
15500.000000, 96.910, -167.3583
15750.000000, 97.072, 175.9322
16000.000000, 96.120, 157.8532
16250.000000, 94.338, 142.0063
16500.000000, 92.126, 130.3793
16750.000000, 89.912, 122.9501
17000.000000, 87.877, 118.7721
17250.000000, 86.015, 116.9108
17500.000000, 84.293, 116.7528
17750.000000, 82.681, 117.9380
18000.000000, 81.169, 120.2839
18250.000000, 79.757, 123.7768
18500.000000, 78.455, 128.6921
18750.000000, 77.370, 134.9893
19000.000000, 76.484, 140.8356
19250.000000, 75.563, 146.8316
19500.000000, 74.664, 154.1161
19750.000000, 73.872, 162.2076
20000.000000, 73.230, 170.4177
20300.000000, 72.669, 179.7772
20600.000000, 72.280, -172.1290
20900.000000, 71.954, -165.7223
21200.000000, 71.586, -160.5467
21400.000000, 71.287, -157.4806
21800.000000, 70.509, -152.6755
22000.000000, 69.935, -150.6752
22400.000000, 68.316, -146.6011
22700.000000, 66.697, -143.8991
23000.000000, 64.709, -141.8734
23300.000000, 62.318, -141.0408
23600.000000, 59.448, -142.0696
24000.000000, 55.662, -147.7342
