* Measurement data measured by REW V5.31.3
* Source: Loopback 1/2 (2- E2x2), LINE_IN (Master Volume), R, volume: 1.000. Timing signal peak level -35.2 dBFS, measurement signal peak level -35.3 dBFS
* Format: 2M Log Swept Sine, 1 sweep at -12.0 dBFS using an acoustic timing reference
* Dated: Nov 17, 2024 7:01:03 AM
* REW Settings:
*  C-weighting compensation: Off
*  Target level: 75.0 dB
* Note: ; Delay -0.0577 ms (-20 mm, -0.78 in) using estimated IR delay relative to Acoustic reference played from SPEAKER R with no timing offset Clock adjustment: 4.4 ppm
* Measurement: Truthear Zero Red 10 R
* Smoothing: 1/24 octave
* Frequency Step: 1/48 octave
* Start Frequency: 1.000 Hz
*
* Freq(Hz), SPL(dB), Phase(degrees)
1.000000, 62.081, 66.9481
1.015000, 62.286, 67.1247
1.030000, 62.489, 67.2702
1.044000, 62.677, 67.3779
1.060000, 62.889, 67.4680
1.075000, 63.084, 67.5207
1.090000, 63.277, 67.5437
1.106000, 63.480, 67.5414
1.120000, 63.656, 67.5261
1.138000, 63.881, 67.4950
1.150000, 64.030, 67.4675
1.172000, 64.302, 67.4022
1.180000, 64.401, 67.3735
1.206000, 64.719, 67.2615
1.220000, 64.889, 67.1889
1.241000, 65.142, 67.0633
1.250000, 65.250, 67.0033
1.265000, 65.428, 66.8948
1.280000, 65.606, 66.7757
1.315000, 66.016, 66.4559
1.320000, 66.075, 66.4054
1.340000, 66.306, 66.1911
1.360000, 66.535, 65.9572
1.380000, 66.761, 65.7036
1.400000, 66.986, 65.4304
1.430000, 67.318, 64.9836
1.450000, 67.537, 64.6618
1.475000, 67.806, 64.2392
1.500000, 68.072, 63.8098
1.525000, 68.334, 63.3794
1.550000, 68.592, 62.9461
1.575000, 68.847, 62.5069
1.600000, 69.099, 62.0594
1.625000, 69.347, 61.6012
1.650000, 69.591, 61.1303
1.675000, 69.833, 60.6448
1.700000, 70.072, 60.1429
1.725000, 70.308, 59.6232
1.750000, 70.542, 59.0842
1.775000, 70.773, 58.5249
1.800000, 71.001, 57.9442
1.825000, 71.228, 57.3427
1.850000, 71.451, 56.7263
1.875000, 71.672, 56.1036
1.900000, 71.890, 55.4776
1.925000, 72.104, 54.8486
1.950000, 72.316, 54.2163
1.975000, 72.525, 53.5804
2.000000, 72.731, 52.9404
2.030000, 72.976, 52.1665
2.060000, 73.217, 51.3851
2.090000, 73.455, 50.5953
2.120000, 73.690, 49.7962
2.140000, 73.845, 49.2577
2.180000, 74.152, 48.1660
2.200000, 74.303, 47.6134
2.240000, 74.602, 46.5014
2.270000, 74.823, 45.6655
2.300000, 75.040, 44.8293
2.330000, 75.253, 43.9929
2.360000, 75.464, 43.1561
2.400000, 75.741, 42.0397
2.430000, 75.945, 41.2012
2.470000, 76.214, 40.0809
2.500000, 76.413, 39.2380
2.540000, 76.675, 38.1094
2.580000, 76.933, 36.9753
2.620000, 77.186, 35.8388
2.650000, 77.373, 34.9868
2.690000, 77.619, 33.8526
2.720000, 77.800, 33.0039
2.760000, 78.038, 31.8752
2.800000, 78.272, 30.7500
2.850000, 78.560, 29.3480
2.900000, 78.843, 27.9497
2.950000, 79.121, 26.5531
3.000000, 79.393, 25.1573
3.040000, 79.606, 24.0431
3.070000, 79.764, 23.2099
3.110000, 79.971, 22.1034
3.150000, 80.175, 21.0030
3.200000, 80.426, 19.6369
3.250000, 80.673, 18.2817
3.300000, 80.915, 16.9361
3.350000, 81.153, 15.5966
3.400000, 81.386, 14.2621
3.450000, 81.615, 12.9352
3.500000, 81.839, 11.6184
3.550000, 82.059, 10.3136
3.600000, 82.275, 9.0218
3.650000, 82.488, 7.7428
3.700000, 82.697, 6.4733
3.750000, 82.902, 5.2100
3.820000, 83.182, 3.4541
3.870000, 83.378, 2.2126
3.950000, 83.685, 0.2539
4.000000, 83.872, -0.9513
4.060000, 84.093, -2.3809
4.120000, 84.309, -3.7983
4.180000, 84.521, -5.2036
4.250000, 84.762, -6.8230
4.310000, 84.964, -8.1902
4.370000, 85.163, -9.5363
4.440000, 85.389, -11.0840
4.500000, 85.579, -12.3967
4.550000, 85.734, -13.4806
4.620000, 85.947, -14.9792
4.680000, 86.126, -16.2433
4.750000, 86.331, -17.6925
4.820000, 86.531, -19.1182
4.870000, 86.671, -20.1256
4.940000, 86.863, -21.5198
5.000000, 87.025, -22.6974
5.080000, 87.236, -24.2392
5.150000, 87.417, -25.5618
5.220000, 87.594, -26.8647
5.300000, 87.791, -28.3317
5.380000, 87.984, -29.7724
5.450000, 88.150, -31.0090
5.520000, 88.312, -32.2235
5.600000, 88.494, -33.5894
5.700000, 88.715, -35.2650
5.800000, 88.931, -36.9016
5.900000, 89.141, -38.4983
6.000000, 89.346, -40.0615
6.080000, 89.506, -41.2886
6.150000, 89.643, -42.3438
6.220000, 89.778, -43.3813
6.300000, 89.929, -44.5474
6.400000, 90.114, -45.9790
6.500000, 90.294, -47.3799
6.600000, 90.470, -48.7484
6.700000, 90.642, -50.0876
6.800000, 90.809, -51.4000
6.900000, 90.973, -52.6837
7.000000, 91.133, -53.9384
7.100000, 91.289, -55.1671
7.200000, 91.442, -56.3710
7.300000, 91.592, -57.5491
7.400000, 91.739, -58.7023
7.500000, 91.883, -59.8329
7.620000, 92.052, -61.1612
7.750000, 92.232, -62.5667
7.880000, 92.407, -63.9402
8.000000, 92.566, -65.1833
8.120000, 92.722, -66.4050
8.250000, 92.887, -67.7067
8.380000, 93.049, -68.9887
8.500000, 93.195, -70.1576
8.620000, 93.338, -71.3139
8.750000, 93.488, -72.5527
8.850000, 93.601, -73.4972
9.000000, 93.765, -74.9012
9.120000, 93.892, -76.0112
9.250000, 94.024, -77.2003
9.380000, 94.152, -78.3759
9.500000, 94.265, -79.4452
9.620000, 94.375, -80.4984
9.750000, 94.488, -81.6218
9.880000, 94.590, -82.7232
10.000000, 94.672, -83.7194
10.150000, 94.762, -84.9384
10.300000, 94.843, -86.1266
10.440000, 94.914, -87.2087
10.600000, 94.992, -88.4165
10.750000, 95.065, -89.5226
10.900000, 95.139, -90.6062
11.060000, 95.216, -91.7407
11.200000, 95.283, -92.7170
11.380000, 95.368, -93.9514
11.500000, 95.423, -94.7621
11.720000, 95.523, -96.2211
11.800000, 95.558, -96.7422
12.060000, 95.668, -98.3978
12.200000, 95.725, -99.2616
12.410000, 95.809, -100.5197
12.500000, 95.844, -101.0444
12.650000, 95.903, -101.9001
12.800000, 95.963, -102.7351
13.150000, 96.105, -104.6183
13.200000, 96.126, -104.8825
13.400000, 96.212, -105.9330
13.600000, 96.298, -106.9820
13.800000, 96.384, -108.0370
14.000000, 96.469, -109.1015
14.300000, 96.590, -110.7128
14.500000, 96.664, -111.7881
14.750000, 96.748, -113.1171
15.000000, 96.822, -114.4140
15.250000, 96.890, -115.6640
15.500000, 96.955, -116.8621
15.750000, 97.018, -118.0107
16.000000, 97.081, -119.1187
16.250000, 97.144, -120.1987
16.500000, 97.208, -121.2612
16.750000, 97.271, -122.3139
17.000000, 97.332, -123.3590
17.250000, 97.390, -124.3949
17.500000, 97.444, -125.4179
17.750000, 97.496, -126.4239
18.000000, 97.544, -127.4103
18.250000, 97.588, -128.3760
18.500000, 97.628, -129.3210
18.750000, 97.666, -130.2451
19.000000, 97.701, -131.1475
19.250000, 97.735, -132.0261
19.500000, 97.767, -132.8790
19.750000, 97.797, -133.7054
20.000000, 97.828, -134.5065
20.299999, 97.865, -135.4412
20.600000, 97.904, -136.3587
20.900000, 97.945, -137.2736
21.200001, 97.986, -138.1970
21.400000, 98.012, -138.8193
21.799999, 98.057, -140.0712
22.000000, 98.076, -140.6920
22.400000, 98.104, -141.8966
22.700001, 98.121, -142.7496
23.000000, 98.136, -143.5535
23.299999, 98.153, -144.3165
23.600000, 98.174, -145.0568
24.000000, 98.208, -146.0460
24.299999, 98.233, -146.8085
24.700001, 98.262, -147.8535
25.000000, 98.277, -148.6410
25.400000, 98.288, -149.6590
25.799999, 98.292, -150.6099
26.200001, 98.295, -151.4920
26.500000, 98.300, -152.1254
26.900000, 98.311, -152.9619
27.200001, 98.321, -153.5964
27.600000, 98.330, -154.4521
28.000000, 98.334, -155.3017
28.500000, 98.333, -156.3232
29.000000, 98.330, -157.2897
29.500000, 98.331, -158.2235
30.000000, 98.334, -159.1552
30.400000, 98.337, -159.9085
30.700001, 98.338, -160.4770
31.100000, 98.337, -161.2334
31.500000, 98.332, -161.9792
32.000000, 98.322, -162.8839
32.500000, 98.309, -163.7498
33.000000, 98.295, -164.5778
33.500000, 98.283, -165.3765
34.000000, 98.273, -166.1565
34.500000, 98.263, -166.9268
35.000000, 98.252, -167.6915
35.500000, 98.238, -168.4455
36.000000, 98.221, -169.1773
36.500000, 98.202, -169.8794
37.000000, 98.185, -170.5587
37.500000, 98.169, -171.2309
38.200001, 98.144, -172.1729
38.700001, 98.124, -172.8377
39.500000, 98.088, -173.8712
40.000000, 98.065, -174.5010
40.599998, 98.036, -175.2444
41.200001, 98.008, -175.9773
41.799999, 97.978, -176.7027
42.500000, 97.941, -177.5240
43.099998, 97.910, -178.1868
43.700001, 97.883, -178.8259
44.400002, 97.854, -179.5856
45.000000, 97.825, 179.7573
45.500000, 97.797, 179.2334
46.200001, 97.759, 178.5470
46.799999, 97.728, 177.9761
47.500000, 97.690, 177.3143
48.200001, 97.649, 176.6689
48.700001, 97.619, 176.2170
49.400002, 97.574, 175.5950
50.000000, 97.534, 175.0818
50.799999, 97.482, 174.4237
51.500000, 97.440, 173.8432
52.200001, 97.399, 173.2448
53.000000, 97.349, 172.5465
53.799999, 97.296, 171.8511
54.500000, 97.246, 171.2693
55.200001, 97.195, 170.7254
56.000000, 97.136, 170.1759
57.000000, 97.076, 169.6121
58.000000, 97.037, 168.9855
59.000000, 96.981, 168.2417
60.000000, 96.904, 167.6074
60.799999, 96.847, 167.1483
61.500000, 96.798, 166.7130
62.200001, 96.744, 166.2526
63.000000, 96.677, 165.7387
64.000000, 96.595, 165.1504
65.000000, 96.523, 164.5647
66.000000, 96.453, 163.9650
67.000000, 96.383, 163.4256
68.000000, 96.320, 162.9355
69.000000, 96.256, 162.4732
70.000000, 96.188, 162.0458
71.000000, 96.113, 161.6412
72.000000, 96.031, 161.2281
73.000000, 95.932, 160.7998
74.000000, 95.827, 160.5535
75.000000, 95.768, 160.3577
76.199997, 95.719, 159.7007
77.500000, 95.629, 158.9539
78.800003, 95.545, 158.3664
80.000000, 95.464, 157.9474
81.199997, 95.392, 157.6349
82.500000, 95.306, 157.2285
83.800003, 95.201, 156.8668
85.000000, 95.109, 156.5553
86.199997, 95.026, 156.1970
87.500000, 94.943, 155.7790
88.500000, 94.878, 155.4868
90.000000, 94.779, 155.1512
91.199997, 94.696, 154.9398
92.500000, 94.599, 154.6823
93.800003, 94.495, 154.3258
95.000000, 94.392, 153.9654
96.199997, 94.303, 153.6895
97.500000, 94.236, 153.4781
98.800003, 94.182, 153.3760
100.000000, 94.131, 153.4039
101.500000, 94.033, 153.5161
103.000000, 93.891, 153.7729
104.400002, 93.797, 153.7955
106.000000, 93.601, 152.9489
107.500000, 93.433, 153.0803
109.000000, 93.410, 152.8733
110.599998, 93.374, 152.4846
112.000000, 93.318, 152.3199
113.800003, 93.197, 152.2022
115.000000, 93.095, 152.1350
117.199997, 92.900, 151.9099
118.000000, 92.834, 151.8389
120.599998, 92.660, 152.0024
122.000000, 92.609, 152.2279
124.099998, 92.537, 152.4387
125.000000, 92.498, 152.4759
126.500000, 92.420, 152.5415
128.000000, 92.341, 152.6503
131.500000, 92.163, 152.7855
132.000000, 92.136, 152.8040
134.000000, 92.025, 152.9408
136.000000, 91.935, 153.2011
138.000000, 91.854, 153.3871
140.000000, 91.782, 153.6308
143.000000, 91.657, 153.7449
145.000000, 91.567, 153.8951
147.500000, 91.457, 154.3557
150.000000, 91.374, 154.7542
152.500000, 91.286, 155.2630
155.000000, 91.223, 155.7218
157.500000, 91.135, 156.0350
160.000000, 91.024, 156.3926
162.500000, 90.911, 156.5485
165.000000, 90.783, 157.1208
167.500000, 90.712, 157.8030
170.000000, 90.606, 157.6732
172.500000, 90.426, 157.6211
175.000000, 90.295, 158.0052
177.500000, 90.189, 158.4347
180.000000, 90.089, 159.1567
182.500000, 90.045, 159.8492
185.000000, 90.026, 160.3569
187.500000, 90.015, 160.8336
190.000000, 90.018, 161.0030
192.500000, 90.064, 160.9026
195.000000, 90.183, 160.9794
197.500000, 90.331, 161.4070
200.000000, 90.400, 161.8036
203.000000, 90.280, 162.2787
206.000000, 90.150, 163.0121
209.000000, 90.109, 163.5505
212.000000, 90.085, 163.8697
214.000000, 90.064, 164.0419
218.000000, 90.035, 164.3983
220.000000, 90.027, 164.6371
224.000000, 90.007, 165.0812
227.000000, 89.984, 165.1985
230.000000, 89.982, 165.4207
233.000000, 89.978, 165.9357
236.000000, 89.948, 166.5333
240.000000, 89.906, 166.8165
243.000000, 89.905, 166.8947
247.000000, 89.903, 167.1599
250.000000, 89.882, 167.4327
254.000000, 89.866, 167.7139
258.000000, 89.849, 168.0967
262.000000, 89.857, 168.1848
265.000000, 89.842, 168.2137
269.000000, 89.826, 168.6240
272.000000, 89.838, 168.9835
276.000000, 89.860, 169.2288
280.000000, 89.846, 169.3169
285.000000, 89.803, 169.4601
290.000000, 89.772, 169.7352
295.000000, 89.724, 169.9982
300.000000, 89.712, 170.0210
304.000000, 89.707, 170.2960
307.000000, 89.694, 170.4800
311.000000, 89.681, 170.6194
315.000000, 89.668, 170.8067
320.000000, 89.649, 170.9549
325.000000, 89.623, 171.2366
330.000000, 89.602, 171.5272
335.000000, 89.580, 171.7181
340.000000, 89.560, 171.7788
345.000000, 89.550, 171.8775
350.000000, 89.535, 172.0705
355.000000, 89.519, 172.2761
360.000000, 89.499, 172.4779
365.000000, 89.480, 172.6870
370.000000, 89.465, 172.9079
375.000000, 89.447, 173.0949
382.000000, 89.416, 173.3331
387.000000, 89.398, 173.5228
395.000000, 89.371, 173.8667
400.000000, 89.354, 174.0491
406.000000, 89.334, 174.2370
412.000000, 89.313, 174.4238
418.000000, 89.288, 174.6309
425.000000, 89.259, 174.8737
431.000000, 89.235, 175.1195
437.000000, 89.209, 175.3723
444.000000, 89.179, 175.6415
450.000000, 89.157, 175.8365
455.000000, 89.136, 176.0114
462.000000, 89.106, 176.3091
468.000000, 89.086, 176.5669
475.000000, 89.066, 176.8741
482.000000, 89.048, 177.1674
487.000000, 89.035, 177.3668
494.000000, 89.013, 177.6560
500.000000, 88.991, 177.9233
508.000000, 88.962, 178.2986
515.000000, 88.936, 178.6263
522.000000, 88.916, 178.9128
530.000000, 88.902, 179.2113
538.000000, 88.886, 179.5173
545.000000, 88.863, 179.8328
552.000000, 88.840, -179.8120
560.000000, 88.816, -179.4095
570.000000, 88.791, -178.9710
580.000000, 88.771, -178.5178
590.000000, 88.751, -178.0302
600.000000, 88.728, -177.5697
608.000000, 88.711, -177.1674
615.000000, 88.697, -176.7966
622.000000, 88.683, -176.4404
630.000000, 88.670, -176.0624
640.000000, 88.659, -175.5782
650.000000, 88.653, -175.0739
660.000000, 88.644, -174.5823
670.000000, 88.635, -174.0671
680.000000, 88.628, -173.5547
690.000000, 88.624, -173.0482
700.000000, 88.625, -172.5385
710.000000, 88.628, -172.0196
720.000000, 88.627, -171.4980
730.000000, 88.627, -170.9827
740.000000, 88.627, -170.4618
750.000000, 88.630, -169.9393
762.000000, 88.640, -169.3005
775.000000, 88.657, -168.6076
788.000000, 88.676, -167.9265
800.000000, 88.696, -167.2953
812.000000, 88.715, -166.6474
825.000000, 88.739, -165.9430
838.000000, 88.766, -165.2356
850.000000, 88.794, -164.5906
862.000000, 88.824, -163.9615
875.000000, 88.863, -163.2709
885.000000, 88.900, -162.7408
900.000000, 88.959, -161.9674
912.000000, 88.999, -161.3583
925.000000, 89.042, -160.7106
938.000000, 89.091, -160.0793
950.000000, 89.144, -159.5149
962.000000, 89.204, -158.9698
975.000000, 89.274, -158.4026
988.000000, 89.345, -157.8551
1000.000000, 89.410, -157.3766
1015.000000, 89.490, -156.8359
1030.000000, 89.569, -156.2930
1044.000000, 89.649, -155.8389
1060.000000, 89.740, -155.4354
1075.000000, 89.820, -155.0391
1090.000000, 89.889, -154.6497
1106.000000, 89.966, -154.3165
1120.000000, 90.039, -154.0721
1138.000000, 90.138, -153.7984
1150.000000, 90.203, -153.6360
1172.000000, 90.318, -153.3774
1180.000000, 90.359, -153.2952
1206.000000, 90.493, -153.0592
1220.000000, 90.565, -152.9972
1241.000000, 90.652, -152.8511
1250.000000, 90.683, -152.7496
1265.000000, 90.726, -152.6052
1280.000000, 90.769, -152.4982
1315.000000, 90.875, -152.1440
1320.000000, 90.892, -152.0917
1340.000000, 90.965, -151.8706
1360.000000, 91.045, -151.6304
1380.000000, 91.134, -151.3811
1400.000000, 91.229, -151.1205
1430.000000, 91.383, -150.7484
1450.000000, 91.495, -150.5534
1475.000000, 91.640, -150.3766
1500.000000, 91.784, -150.2876
1525.000000, 91.922, -150.2911
1550.000000, 92.052, -150.3877
1575.000000, 92.168, -150.5562
1600.000000, 92.268, -150.7390
1625.000000, 92.354, -150.9166
1650.000000, 92.435, -151.0468
1675.000000, 92.516, -151.1072
1700.000000, 92.599, -151.0962
1725.000000, 92.693, -151.0326
1750.000000, 92.800, -151.0023
1775.000000, 92.915, -151.0840
1800.000000, 93.022, -151.2849
1825.000000, 93.114, -151.5143
1850.000000, 93.196, -151.7728
1875.000000, 93.272, -152.0197
1900.000000, 93.342, -152.2124
1925.000000, 93.414, -152.3777
1950.000000, 93.491, -152.5452
1975.000000, 93.570, -152.7137
2000.000000, 93.645, -152.8607
2030.000000, 93.735, -153.0169
2060.000000, 93.825, -153.1822
2090.000000, 93.914, -153.3410
2120.000000, 93.999, -153.4908
2140.000000, 94.056, -153.6020
2180.000000, 94.173, -153.8221
2200.000000, 94.235, -153.9355
2240.000000, 94.369, -154.1881
2270.000000, 94.477, -154.3853
2300.000000, 94.588, -154.6033
2330.000000, 94.701, -154.8426
2360.000000, 94.816, -155.1046
2400.000000, 94.975, -155.4935
2430.000000, 95.095, -155.8181
2470.000000, 95.246, -156.2377
2500.000000, 95.357, -156.5828
2540.000000, 95.520, -157.1345
2580.000000, 95.702, -157.8554
2620.000000, 95.864, -158.6884
2650.000000, 95.960, -159.2890
2690.000000, 96.090, -160.2060
2720.000000, 96.190, -160.9273
2760.000000, 96.301, -161.8477
2800.000000, 96.384, -162.7243
2850.000000, 96.485, -163.8520
2900.000000, 96.593, -164.9732
2950.000000, 96.704, -166.1152
3000.000000, 96.814, -167.2946
3040.000000, 96.892, -168.2622
3070.000000, 96.939, -168.9834
3110.000000, 96.980, -169.9319
3150.000000, 96.996, -170.8516
3200.000000, 96.996, -172.0208
3250.000000, 96.984, -173.2326
3300.000000, 96.950, -174.4767
3350.000000, 96.904, -175.7309
3400.000000, 96.860, -177.0085
3450.000000, 96.802, -178.1997
3500.000000, 96.748, -179.3310
3550.000000, 96.698, 179.5879
3600.000000, 96.635, 178.6126
3650.000000, 96.563, 177.6906
3700.000000, 96.484, 176.8003
3750.000000, 96.383, 175.9699
3820.000000, 96.187, 174.9087
3870.000000, 96.028, 174.1808
3950.000000, 95.769, 173.0520
4000.000000, 95.613, 172.3801
4060.000000, 95.446, 171.6124
4120.000000, 95.308, 170.8952
4180.000000, 95.205, 170.2260
4250.000000, 95.107, 169.5345
4310.000000, 95.035, 169.0255
4370.000000, 94.963, 168.5849
4440.000000, 94.856, 168.1937
4500.000000, 94.760, 167.9255
4550.000000, 94.685, 167.7206
4620.000000, 94.566, 167.4965
4680.000000, 94.432, 167.4104
4750.000000, 94.275, 167.3519
4820.000000, 94.137, 167.3214
4870.000000, 94.034, 167.3629
4940.000000, 93.885, 167.4719
5000.000000, 93.762, 167.6017
5080.000000, 93.594, 167.8541
5150.000000, 93.443, 168.1356
5220.000000, 93.287, 168.4690
5300.000000, 93.103, 168.9429
5380.000000, 92.931, 169.4728
5450.000000, 92.784, 170.0049
5520.000000, 92.641, 170.5944
5600.000000, 92.494, 171.3261
5700.000000, 92.342, 172.2693
5800.000000, 92.175, 173.3025
5900.000000, 91.975, 174.4294
6000.000000, 91.811, 175.6050
6080.000000, 91.723, 176.5525
6150.000000, 91.655, 177.4325
6220.000000, 91.599, 178.3227
6300.000000, 91.556, 179.3517
6400.000000, 91.542, -179.3719
6500.000000, 91.579, -178.1519
6600.000000, 91.655, -176.9841
6700.000000, 91.768, -175.9136
6800.000000, 91.919, -174.9760
6900.000000, 92.097, -174.1738
7000.000000, 92.313, -173.5735
7100.000000, 92.562, -173.1870
7200.000000, 92.855, -173.0823
7300.000000, 93.196, -173.3338
7400.000000, 93.574, -174.0016
7500.000000, 93.983, -175.1498
7620.000000, 94.484, -177.2294
7750.000000, 94.956, 179.5026
7880.000000, 95.256, 175.0450
8000.000000, 95.360, 169.9300
8120.000000, 95.284, 164.0356
8250.000000, 94.977, 157.2111
8380.000000, 94.403, 150.5659
8500.000000, 93.656, 145.0805
8620.000000, 92.764, 140.6049
8750.000000, 91.683, 137.1726
8850.000000, 90.798, 135.6088
9000.000000, 89.488, 134.8630
9120.000000, 88.482, 135.5075
9250.000000, 87.409, 137.2881
9380.000000, 86.397, 139.9500
9500.000000, 85.595, 142.9443
9620.000000, 84.928, 146.2654
9750.000000, 84.272, 150.1920
9880.000000, 83.676, 154.3668
10000.000000, 83.219, 158.2913
10150.000000, 82.731, 163.3014
10300.000000, 82.354, 168.3183
10440.000000, 82.113, 172.9372
10600.000000, 81.948, 178.0868
10750.000000, 81.877, -177.2709
10900.000000, 81.885, -172.8741
11060.000000, 81.985, -168.5920
11200.000000, 82.123, -165.2794
11380.000000, 82.323, -161.7049
11500.000000, 82.439, -159.6943
11720.000000, 82.562, -156.2909
11800.000000, 82.578, -154.9122
12060.000000, 82.614, -148.7057
12200.000000, 82.750, -144.0002
12410.000000, 83.402, -135.9141
12500.000000, 83.877, -132.4600
12650.000000, 84.935, -127.2846
12800.000000, 86.302, -123.4306
13150.000000, 90.196, -124.4935
13200.000000, 90.721, -126.3529
13400.000000, 92.312, -138.6727
13600.000000, 92.527, -156.3939
13800.000000, 91.031, -173.2966
14000.000000, 88.481, 175.5983
14300.000000, 85.082, 170.1890
14500.000000, 83.611, 171.0764
14750.000000, 82.478, 174.3962
15000.000000, 81.846, 178.8976
15250.000000, 81.518, -176.1180
15500.000000, 81.274, -171.1542
15750.000000, 80.898, -166.7343
16000.000000, 80.721, -163.6353
16250.000000, 81.055, -162.9443
16500.000000, 81.776, -166.0140
16750.000000, 82.498, -173.6602
17000.000000, 82.659, 175.0296
17250.000000, 81.957, 163.0643
17500.000000, 80.492, 153.8307
17750.000000, 78.635, 148.9606
18000.000000, 76.762, 148.2120
18250.000000, 75.070, 150.5284
18500.000000, 73.573, 154.9169
18750.000000, 72.263, 160.7126
19000.000000, 71.119, 167.6049
19250.000000, 70.129, 175.4196
19500.000000, 69.287, -175.9807
19750.000000, 68.600, -166.8090
20000.000000, 68.077, -157.4150
20300.000000, 67.697, -146.4759
20600.000000, 67.624, -136.9365
20900.000000, 67.782, -129.8203
21200.000000, 67.964, -125.7704
21400.000000, 67.965, -124.6561
21800.000000, 67.404, -124.6718
22000.000000, 66.786, -125.0662
22400.000000, 64.917, -125.3391
22700.000000, 63.102, -124.6526
23000.000000, 60.902, -123.1260
23300.000000, 57.840, -120.8775
23600.000000, 53.529, -117.6177
24000.000000, 47.824, -113.7972
