* Measurement data measured by REW V5.31.3
* Source: Loopback 1/2 (2- E2x2), LINE_IN (Master Volume), R, volume: 1.000. Timing signal peak level -34.1 dBFS, measurement signal peak level -33.7 dBFS
* Format: 2M Log Swept Sine, 1 sweep at -12.0 dBFS using an acoustic timing reference
* Dated: Nov 17, 2024 6:57:47 AM
* REW Settings:
*  C-weighting compensation: Off
*  Target level: 75.0 dB
* Note: ; Delay -0.0595 ms (-20 mm, -0.8 in) using estimated IR delay relative to Acoustic reference played from SPEAKER L with no timing offset Clock adjustment: 4.3 ppm
* Measurement: Truthear Zero Red L
* Smoothing: 1/24 octave
* Frequency Step: 1/48 octave
* Start Frequency: 1.000 Hz
*
* Freq(Hz), SPL(dB), Phase(degrees)
1.000000, 70.841, -155.6185
1.015000, 70.845, -157.4850
1.030000, 70.851, -159.3461
1.044000, 70.859, -161.0812
1.060000, 70.872, -163.0661
1.075000, 70.888, -164.9347
1.090000, 70.908, -166.8202
1.106000, 70.932, -168.8799
1.120000, 70.952, -170.7657
1.138000, 70.973, -173.3324
1.150000, 70.984, -175.1321
1.172000, 71.002, -178.6074
1.180000, 71.008, -179.9244
1.206000, 71.024, 175.6164
1.220000, 71.032, 173.1136
1.241000, 71.046, 169.2484
1.250000, 71.053, 167.5574
1.265000, 71.065, 164.7026
1.280000, 71.081, 161.8129
1.315000, 71.130, 155.0022
1.320000, 71.139, 154.0278
1.340000, 71.180, 150.1431
1.360000, 71.232, 146.2954
1.380000, 71.295, 142.5034
1.400000, 71.372, 138.7810
1.430000, 71.516, 133.3459
1.450000, 71.633, 129.8215
1.475000, 71.805, 125.4828
1.500000, 72.008, 121.1238
1.525000, 72.239, 116.7380
1.550000, 72.494, 112.3735
1.575000, 72.771, 108.0776
1.600000, 73.065, 103.8884
1.625000, 73.374, 99.8340
1.650000, 73.694, 95.9321
1.675000, 74.022, 92.1908
1.700000, 74.353, 88.6105
1.725000, 74.686, 85.1855
1.750000, 75.016, 81.9050
1.775000, 75.340, 78.7550
1.800000, 75.655, 75.7185
1.825000, 75.959, 72.7704
1.850000, 76.258, 69.8654
1.875000, 76.557, 66.9689
1.900000, 76.861, 64.0910
1.925000, 77.167, 61.2551
1.950000, 77.474, 58.4814
1.975000, 77.782, 55.7849
2.000000, 78.087, 53.1757
2.030000, 78.450, 50.1675
2.060000, 78.807, 47.2964
2.090000, 79.154, 44.5591
2.120000, 79.490, 41.9484
2.140000, 79.707, 40.2728
2.180000, 80.120, 37.0540
2.200000, 80.316, 35.4897
2.240000, 80.691, 32.3627
2.270000, 80.959, 29.9977
2.300000, 81.218, 27.6344
2.330000, 81.467, 25.2938
2.360000, 81.705, 22.9937
2.400000, 82.008, 20.0132
2.430000, 82.224, 17.8556
2.470000, 82.496, 15.0945
2.500000, 82.688, 13.1145
2.540000, 82.930, 10.5907
2.580000, 83.154, 8.1497
2.620000, 83.362, 5.6810
2.650000, 83.506, 3.7928
2.690000, 83.682, 1.2523
2.720000, 83.804, -0.6492
2.760000, 83.950, -3.1494
2.800000, 84.078, -5.5790
2.850000, 84.214, -8.4725
2.900000, 84.321, -11.1687
2.950000, 84.402, -13.7045
3.000000, 84.457, -16.2493
3.040000, 84.483, -18.3292
3.070000, 84.491, -19.9001
3.110000, 84.486, -21.9835
3.150000, 84.461, -24.0225
3.200000, 84.400, -26.4528
3.250000, 84.304, -28.6854
3.300000, 84.171, -30.6861
3.350000, 84.004, -32.5541
3.400000, 83.804, -34.3905
3.450000, 83.571, -36.1823
3.500000, 83.303, -37.8737
3.550000, 82.998, -39.3874
3.600000, 82.653, -40.6248
3.650000, 82.262, -41.4807
3.700000, 81.792, -41.9071
3.750000, 81.220, -41.9185
3.820000, 80.304, -41.1559
3.870000, 79.640, -39.9239
3.950000, 78.717, -36.4191
4.000000, 78.315, -33.0770
4.060000, 78.058, -27.6837
4.120000, 78.006, -20.6201
4.180000, 78.117, -12.2925
4.250000, 78.422, -2.3318
4.310000, 78.814, 5.1363
4.370000, 79.318, 10.9158
4.440000, 80.085, 15.5966
4.500000, 80.928, 18.3121
4.550000, 81.725, 19.8353
4.620000, 82.890, 21.0067
4.680000, 83.850, 21.2538
4.750000, 84.837, 20.8014
4.820000, 85.670, 19.6952
4.870000, 86.203, 18.6132
4.940000, 86.883, 16.8346
5.000000, 87.414, 15.1557
5.080000, 88.057, 12.7766
5.150000, 88.564, 10.5520
5.220000, 89.013, 8.1257
5.300000, 89.456, 5.1696
5.380000, 89.836, 2.1731
5.450000, 90.126, -0.3917
5.520000, 90.381, -2.9151
5.600000, 90.623, -5.8743
5.700000, 90.856, -9.6595
5.800000, 91.022, -13.3191
5.900000, 91.131, -16.7355
6.000000, 91.179, -20.0770
6.080000, 91.176, -22.7001
6.150000, 91.151, -24.8831
6.220000, 91.108, -26.9039
6.300000, 91.035, -29.0261
6.400000, 90.905, -31.4796
6.500000, 90.752, -33.6976
6.600000, 90.591, -35.5923
6.700000, 90.423, -37.1052
6.800000, 90.250, -38.2841
6.900000, 90.097, -39.2100
7.000000, 89.983, -39.9014
7.100000, 89.905, -40.3134
7.200000, 89.863, -40.5427
7.300000, 89.866, -40.7615
7.400000, 89.921, -41.0310
7.500000, 90.024, -41.3288
7.620000, 90.190, -41.8397
7.750000, 90.401, -42.7474
7.880000, 90.643, -43.9937
8.000000, 90.874, -45.3887
8.120000, 91.091, -47.0211
8.250000, 91.311, -49.0341
8.380000, 91.510, -51.1682
8.500000, 91.669, -53.1804
8.620000, 91.805, -55.2343
8.750000, 91.932, -57.4119
8.850000, 92.019, -59.0012
9.000000, 92.131, -61.2599
9.120000, 92.217, -62.9355
9.250000, 92.313, -64.5820
9.380000, 92.415, -66.0715
9.500000, 92.520, -67.3422
9.620000, 92.642, -68.5212
9.750000, 92.789, -69.7131
9.880000, 92.945, -70.8741
10.000000, 93.094, -71.9436
10.150000, 93.286, -73.2831
10.300000, 93.478, -74.6628
10.440000, 93.658, -75.9941
10.600000, 93.856, -77.5383
10.750000, 94.033, -78.9966
10.900000, 94.199, -80.4415
11.060000, 94.361, -81.9207
11.200000, 94.490, -83.1534
11.380000, 94.646, -84.6232
11.500000, 94.744, -85.5216
11.720000, 94.920, -87.0159
11.800000, 94.984, -87.5127
12.060000, 95.194, -88.9953
12.200000, 95.309, -89.7394
12.410000, 95.482, -90.8144
12.500000, 95.555, -91.2702
12.650000, 95.676, -92.0275
12.800000, 95.790, -92.7802
13.150000, 96.029, -94.5044
13.200000, 96.060, -94.7419
13.400000, 96.174, -95.6614
13.600000, 96.276, -96.5194
13.800000, 96.370, -97.3101
14.000000, 96.460, -98.0441
14.300000, 96.596, -99.0780
14.500000, 96.688, -99.7606
14.750000, 96.801, -100.6462
15.000000, 96.909, -101.5908
15.250000, 97.007, -102.5989
15.500000, 97.092, -103.6530
15.750000, 97.165, -104.7296
16.000000, 97.226, -105.8047
16.250000, 97.279, -106.8650
16.500000, 97.328, -107.9077
16.750000, 97.376, -108.9379
17.000000, 97.424, -109.9641
17.250000, 97.473, -110.9921
17.500000, 97.522, -112.0233
17.750000, 97.573, -113.0542
18.000000, 97.623, -114.0790
18.250000, 97.673, -115.0921
18.500000, 97.725, -116.0900
18.750000, 97.778, -117.0718
19.000000, 97.835, -118.0382
19.250000, 97.894, -118.9904
19.500000, 97.954, -119.9286
19.750000, 98.015, -120.8517
20.000000, 98.075, -121.7563
20.299999, 98.145, -122.8113
20.600000, 98.212, -123.8245
20.900000, 98.277, -124.7885
21.200001, 98.341, -125.7003
21.400000, 98.383, -126.2807
21.799999, 98.469, -127.3904
22.000000, 98.511, -127.9291
22.400000, 98.596, -128.9994
22.700001, 98.656, -129.8094
23.000000, 98.709, -130.6284
23.299999, 98.754, -131.4489
23.600000, 98.790, -132.2581
24.000000, 98.826, -133.2996
24.299999, 98.848, -134.0462
24.700001, 98.872, -135.0022
25.000000, 98.891, -135.7007
25.400000, 98.916, -136.6239
25.799999, 98.942, -137.5491
26.200001, 98.967, -138.4815
26.500000, 98.986, -139.1866
26.900000, 99.011, -140.1339
27.200001, 99.029, -140.8463
27.600000, 99.052, -141.7880
28.000000, 99.073, -142.7039
28.500000, 99.099, -143.7937
29.000000, 99.129, -144.8262
29.500000, 99.163, -145.8253
30.000000, 99.197, -146.8011
30.400000, 99.223, -147.5551
30.700001, 99.241, -148.0983
31.100000, 99.265, -148.7954
31.500000, 99.290, -149.4778
32.000000, 99.322, -150.3458
32.500000, 99.347, -151.2465
33.000000, 99.357, -152.1482
33.500000, 99.357, -153.0012
34.000000, 99.355, -153.7904
34.500000, 99.358, -154.5489
35.000000, 99.363, -155.3170
35.500000, 99.367, -156.1034
36.000000, 99.368, -156.8898
36.500000, 99.369, -157.6628
37.000000, 99.369, -158.4237
37.500000, 99.369, -159.1720
38.200001, 99.367, -160.1738
38.700001, 99.367, -160.8522
39.500000, 99.372, -161.9271
40.000000, 99.371, -162.6082
40.599998, 99.362, -163.4028
41.200001, 99.350, -164.1470
41.799999, 99.339, -164.8641
42.500000, 99.323, -165.6998
43.099998, 99.305, -166.3907
43.700001, 99.289, -167.0417
44.400002, 99.276, -167.8002
45.000000, 99.266, -168.4830
45.500000, 99.254, -169.0540
46.200001, 99.235, -169.8160
46.799999, 99.222, -170.4521
47.500000, 99.205, -171.2069
48.200001, 99.180, -171.9351
48.700001, 99.161, -172.4136
49.400002, 99.139, -173.0519
50.000000, 99.121, -173.6067
50.799999, 99.093, -174.3535
51.500000, 99.064, -174.9885
52.200001, 99.034, -175.6106
53.000000, 98.997, -176.3069
53.799999, 98.962, -176.9976
54.500000, 98.930, -177.6230
55.200001, 98.892, -178.2342
56.000000, 98.848, -178.8484
57.000000, 98.815, -179.5922
58.000000, 98.782, 179.5633
59.000000, 98.732, 178.7634
60.000000, 98.678, 178.0599
60.799999, 98.633, 177.5555
61.500000, 98.595, 177.1403
62.200001, 98.558, 176.7186
63.000000, 98.513, 176.2364
64.000000, 98.456, 175.6693
65.000000, 98.406, 175.0781
66.000000, 98.355, 174.4321
67.000000, 98.299, 173.8054
68.000000, 98.244, 173.2236
69.000000, 98.187, 172.6962
70.000000, 98.133, 172.2208
71.000000, 98.077, 171.7347
72.000000, 98.012, 171.2338
73.000000, 97.933, 170.7244
74.000000, 97.842, 170.3660
75.000000, 97.788, 170.1560
76.199997, 97.764, 169.5397
77.500000, 97.697, 168.6952
78.800003, 97.620, 168.0392
80.000000, 97.544, 167.5396
81.199997, 97.467, 167.1665
82.500000, 97.391, 166.7766
83.800003, 97.309, 166.2999
85.000000, 97.221, 165.8682
86.199997, 97.138, 165.4848
87.500000, 97.057, 165.0526
88.500000, 96.996, 164.7316
90.000000, 96.904, 164.2645
91.199997, 96.825, 163.9335
92.500000, 96.737, 163.6041
93.800003, 96.648, 163.2839
95.000000, 96.565, 162.9856
96.199997, 96.482, 162.7100
97.500000, 96.395, 162.4239
98.800003, 96.305, 162.1661
100.000000, 96.227, 162.0010
101.500000, 96.137, 161.7750
103.000000, 96.044, 161.5579
104.400002, 95.963, 161.4153
106.000000, 95.871, 161.1795
107.500000, 95.772, 161.0192
109.000000, 95.672, 160.9045
110.599998, 95.564, 160.7846
112.000000, 95.471, 160.6813
113.800003, 95.359, 160.5221
115.000000, 95.287, 160.4206
117.199997, 95.159, 160.2861
118.000000, 95.110, 160.2736
120.599998, 94.944, 160.3074
122.000000, 94.854, 160.3894
124.099998, 94.723, 160.4835
125.000000, 94.666, 160.5502
126.500000, 94.580, 160.6907
128.000000, 94.498, 160.7824
131.500000, 94.296, 160.9083
132.000000, 94.267, 160.9230
134.000000, 94.154, 161.0743
136.000000, 94.056, 161.3175
138.000000, 93.960, 161.5555
140.000000, 93.858, 161.7690
143.000000, 93.713, 162.1067
145.000000, 93.621, 162.4656
147.500000, 93.503, 163.2069
150.000000, 93.414, 163.8940
152.500000, 93.325, 164.0646
155.000000, 93.227, 164.4130
157.500000, 93.129, 165.1447
160.000000, 93.016, 166.0498
162.500000, 92.895, 166.8791
165.000000, 92.792, 167.4976
167.500000, 92.684, 168.0607
170.000000, 92.563, 168.7250
172.500000, 92.466, 169.3547
175.000000, 92.394, 169.8391
177.500000, 92.345, 170.3192
180.000000, 92.301, 170.8947
182.500000, 92.267, 171.5482
185.000000, 92.260, 172.0316
187.500000, 92.274, 172.4104
190.000000, 92.300, 172.8615
192.500000, 92.329, 173.3746
195.000000, 92.377, 173.8413
197.500000, 92.439, 174.2308
200.000000, 92.477, 174.6759
203.000000, 92.471, 175.4692
206.000000, 92.462, 176.1606
209.000000, 92.465, 176.6490
212.000000, 92.475, 177.1533
214.000000, 92.481, 177.4810
218.000000, 92.496, 178.1326
220.000000, 92.503, 178.4840
224.000000, 92.514, 179.1703
227.000000, 92.526, 179.5984
230.000000, 92.544, -179.9894
233.000000, 92.564, -179.5848
236.000000, 92.590, -179.1680
240.000000, 92.631, -178.6023
243.000000, 92.662, -178.2454
247.000000, 92.706, -177.8837
250.000000, 92.738, -177.6415
254.000000, 92.773, -177.3069
258.000000, 92.809, -176.9996
262.000000, 92.850, -176.6797
265.000000, 92.876, -176.4376
269.000000, 92.908, -176.2106
272.000000, 92.930, -176.0847
276.000000, 92.959, -175.8677
280.000000, 92.992, -175.6661
285.000000, 93.039, -175.4553
290.000000, 93.082, -175.2499
295.000000, 93.117, -175.0516
300.000000, 93.147, -174.8930
304.000000, 93.174, -174.7856
307.000000, 93.192, -174.7037
311.000000, 93.215, -174.5985
315.000000, 93.237, -174.5107
320.000000, 93.265, -174.3823
325.000000, 93.292, -174.2769
330.000000, 93.316, -174.1995
335.000000, 93.337, -174.0974
340.000000, 93.356, -174.0219
345.000000, 93.370, -173.9517
350.000000, 93.384, -173.8620
355.000000, 93.398, -173.7672
360.000000, 93.412, -173.6590
365.000000, 93.429, -173.5612
370.000000, 93.447, -173.4822
375.000000, 93.462, -173.3905
382.000000, 93.479, -173.2908
387.000000, 93.493, -173.2629
395.000000, 93.510, -173.2131
400.000000, 93.518, -173.1688
406.000000, 93.523, -173.1089
412.000000, 93.526, -173.0388
418.000000, 93.530, -172.9732
425.000000, 93.535, -172.8998
431.000000, 93.538, -172.8215
437.000000, 93.539, -172.7540
444.000000, 93.535, -172.6718
450.000000, 93.532, -172.5973
455.000000, 93.530, -172.5284
462.000000, 93.526, -172.4267
468.000000, 93.523, -172.3376
475.000000, 93.520, -172.2198
482.000000, 93.515, -172.0875
487.000000, 93.511, -171.9889
494.000000, 93.503, -171.8550
500.000000, 93.497, -171.7400
508.000000, 93.489, -171.5743
515.000000, 93.482, -171.4147
522.000000, 93.474, -171.2568
530.000000, 93.464, -171.0757
538.000000, 93.455, -170.8949
545.000000, 93.447, -170.7167
552.000000, 93.439, -170.5345
560.000000, 93.431, -170.3239
570.000000, 93.420, -170.0475
580.000000, 93.409, -169.7504
590.000000, 93.397, -169.4575
600.000000, 93.387, -169.1636
608.000000, 93.382, -168.9047
615.000000, 93.378, -168.6758
622.000000, 93.374, -168.4474
630.000000, 93.369, -168.1785
640.000000, 93.362, -167.8338
650.000000, 93.357, -167.4772
660.000000, 93.352, -167.1075
670.000000, 93.349, -166.7410
680.000000, 93.346, -166.3628
690.000000, 93.345, -165.9761
700.000000, 93.345, -165.5808
710.000000, 93.347, -165.1851
720.000000, 93.351, -164.7799
730.000000, 93.356, -164.3605
740.000000, 93.362, -163.9404
750.000000, 93.370, -163.5140
762.000000, 93.382, -162.9897
775.000000, 93.397, -162.4131
788.000000, 93.417, -161.8266
800.000000, 93.439, -161.2704
812.000000, 93.463, -160.7060
825.000000, 93.492, -160.0930
838.000000, 93.525, -159.4755
850.000000, 93.556, -158.9061
862.000000, 93.588, -158.3365
875.000000, 93.629, -157.7278
885.000000, 93.671, -157.2645
900.000000, 93.737, -156.5715
912.000000, 93.783, -156.0273
925.000000, 93.830, -155.4546
938.000000, 93.883, -154.8929
950.000000, 93.938, -154.3893
962.000000, 93.998, -153.9056
975.000000, 94.067, -153.4028
988.000000, 94.137, -152.9193
1000.000000, 94.202, -152.5011
1015.000000, 94.285, -152.0142
1030.000000, 94.369, -151.5650
1044.000000, 94.448, -151.1801
1060.000000, 94.539, -150.7812
1075.000000, 94.626, -150.4480
1090.000000, 94.711, -150.1577
1106.000000, 94.801, -149.8878
1120.000000, 94.877, -149.6864
1138.000000, 94.975, -149.4657
1150.000000, 95.040, -149.3383
1172.000000, 95.155, -149.1438
1180.000000, 95.195, -149.0832
1206.000000, 95.317, -148.9032
1220.000000, 95.380, -148.8156
1241.000000, 95.474, -148.6982
1250.000000, 95.515, -148.6487
1265.000000, 95.581, -148.5618
1280.000000, 95.647, -148.4700
1315.000000, 95.802, -148.2463
1320.000000, 95.825, -148.2117
1340.000000, 95.916, -148.0658
1360.000000, 96.011, -147.9193
1380.000000, 96.111, -147.7776
1400.000000, 96.216, -147.6483
1430.000000, 96.380, -147.5138
1450.000000, 96.492, -147.4725
1475.000000, 96.633, -147.4910
1500.000000, 96.772, -147.5875
1525.000000, 96.903, -147.7471
1550.000000, 97.026, -147.9607
1575.000000, 97.139, -148.2010
1600.000000, 97.242, -148.4454
1625.000000, 97.340, -148.6794
1650.000000, 97.435, -148.9038
1675.000000, 97.527, -149.1329
1700.000000, 97.617, -149.3752
1725.000000, 97.703, -149.6288
1750.000000, 97.782, -149.8840
1775.000000, 97.856, -150.1270
1800.000000, 97.925, -150.3513
1825.000000, 97.993, -150.5526
1850.000000, 98.060, -150.7338
1875.000000, 98.128, -150.9024
1900.000000, 98.199, -151.0642
1925.000000, 98.271, -151.2166
1950.000000, 98.345, -151.3600
1975.000000, 98.421, -151.4989
2000.000000, 98.499, -151.6372
2030.000000, 98.595, -151.8029
2060.000000, 98.694, -151.9796
2090.000000, 98.797, -152.1803
2120.000000, 98.901, -152.4083
2140.000000, 98.971, -152.5772
2180.000000, 99.111, -152.9532
2200.000000, 99.180, -153.1566
2240.000000, 99.317, -153.5934
2270.000000, 99.419, -153.9435
2300.000000, 99.519, -154.3082
2330.000000, 99.618, -154.6903
2360.000000, 99.716, -155.0914
2400.000000, 99.844, -155.6476
2430.000000, 99.937, -156.0825
2470.000000, 100.059, -156.6838
2500.000000, 100.150, -157.1448
2540.000000, 100.268, -157.7643
2580.000000, 100.385, -158.3864
2620.000000, 100.503, -159.0104
2650.000000, 100.593, -159.4877
2690.000000, 100.718, -160.1591
2720.000000, 100.814, -160.7059
2760.000000, 100.943, -161.5121
2800.000000, 101.065, -162.4075
2850.000000, 101.203, -163.6188
2900.000000, 101.324, -164.8777
2950.000000, 101.429, -166.1657
3000.000000, 101.519, -167.4786
3040.000000, 101.577, -168.5326
3070.000000, 101.610, -169.3185
3110.000000, 101.638, -170.3530
3150.000000, 101.643, -171.3577
3200.000000, 101.617, -172.5313
3250.000000, 101.566, -173.5882
3300.000000, 101.502, -174.5866
3350.000000, 101.438, -175.5964
3400.000000, 101.382, -176.6412
3450.000000, 101.336, -177.7074
3500.000000, 101.304, -178.7623
3550.000000, 101.276, -179.7767
3600.000000, 101.244, 179.2653
3650.000000, 101.197, 178.3645
3700.000000, 101.123, 177.5051
3750.000000, 101.021, 176.6662
3820.000000, 100.826, 175.5038
3870.000000, 100.665, 174.6876
3950.000000, 100.390, 173.4406
4000.000000, 100.219, 172.7212
4060.000000, 100.032, 171.9394
4120.000000, 99.873, 171.2587
4180.000000, 99.748, 170.6796
4250.000000, 99.635, 170.1138
4310.000000, 99.558, 169.7062
4370.000000, 99.487, 169.3574
4440.000000, 99.399, 169.0158
4500.000000, 99.314, 168.7816
4550.000000, 99.235, 168.6274
4620.000000, 99.114, 168.4708
4680.000000, 99.001, 168.3959
4750.000000, 98.860, 168.3734
4820.000000, 98.713, 168.4116
4870.000000, 98.605, 168.4756
4940.000000, 98.451, 168.6172
5000.000000, 98.315, 168.7851
5080.000000, 98.132, 169.0786
5150.000000, 97.971, 169.4037
5220.000000, 97.814, 169.7861
5300.000000, 97.643, 170.2865
5380.000000, 97.481, 170.8556
5450.000000, 97.347, 171.4128
5520.000000, 97.218, 172.0267
5600.000000, 97.077, 172.7950
5700.000000, 96.906, 173.8410
5800.000000, 96.747, 174.9604
5900.000000, 96.597, 176.1332
6000.000000, 96.468, 177.3400
6080.000000, 96.384, 178.3187
6150.000000, 96.327, 179.1815
6220.000000, 96.289, -179.9542
6300.000000, 96.268, -178.9673
6400.000000, 96.276, -177.7448
6500.000000, 96.319, -176.5505
6600.000000, 96.399, -175.4093
6700.000000, 96.516, -174.3502
6800.000000, 96.671, -173.4042
6900.000000, 96.864, -172.6094
7000.000000, 97.099, -172.0015
7100.000000, 97.379, -171.6216
7200.000000, 97.707, -171.5297
7300.000000, 98.081, -171.8060
7400.000000, 98.497, -172.5236
7500.000000, 98.943, -173.7407
7620.000000, 99.499, -175.9646
7750.000000, 100.059, -179.5142
7880.000000, 100.474, 175.5023
8000.000000, 100.679, 169.5114
8120.000000, 100.635, 162.3178
8250.000000, 100.230, 153.7736
8380.000000, 99.431, 145.5543
8500.000000, 98.385, 139.3154
8620.000000, 97.155, 135.0175
8750.000000, 95.760, 132.6965
8850.000000, 94.721, 132.3743
9000.000000, 93.289, 133.7036
9120.000000, 92.269, 135.8809
9250.000000, 91.288, 138.9625
9380.000000, 90.430, 142.5315
9500.000000, 89.738, 146.1011
9620.000000, 89.137, 149.8317
9750.000000, 88.579, 153.9819
9880.000000, 88.111, 158.1973
10000.000000, 87.751, 162.1157
10150.000000, 87.390, 167.0047
10300.000000, 87.121, 171.8444
10440.000000, 86.950, 176.2795
10600.000000, 86.843, -178.8135
10750.000000, 86.823, -174.4515
10900.000000, 86.875, -170.4312
11060.000000, 86.993, -166.6302
11200.000000, 87.121, -163.7746
11380.000000, 87.266, -160.7006
11500.000000, 87.322, -158.8524
11720.000000, 87.324, -155.0429
11800.000000, 87.312, -153.2541
12060.000000, 87.467, -145.3099
12200.000000, 87.819, -140.0226
12410.000000, 88.856, -132.1030
12500.000000, 89.499, -129.1332
12650.000000, 90.828, -125.3087
12800.000000, 92.444, -123.5592
13150.000000, 96.432, -133.0836
13200.000000, 96.852, -136.3512
13400.000000, 97.667, -153.0933
13600.000000, 96.812, -170.9352
13800.000000, 94.499, 176.1645
14000.000000, 91.637, 170.0583
14300.000000, 88.423, 169.7419
14500.000000, 87.191, 172.3477
14750.000000, 86.327, 176.7516
15000.000000, 85.918, -178.3086
15250.000000, 85.776, -173.1564
15500.000000, 85.698, -168.2011
15750.000000, 85.486, -164.0192
16000.000000, 85.468, -161.4203
16250.000000, 85.925, -161.5999
16500.000000, 86.699, -165.9797
16750.000000, 87.370, -175.1739
17000.000000, 87.355, 172.4009
17250.000000, 86.418, 160.3224
17500.000000, 84.773, 151.7918
17750.000000, 82.832, 147.8582
18000.000000, 80.929, 147.8452
18250.000000, 79.232, 150.5914
18500.000000, 77.762, 155.1620
18750.000000, 76.490, 161.0472
19000.000000, 75.390, 167.9474
19250.000000, 74.439, 175.7220
19500.000000, 73.621, -175.7598
19750.000000, 72.923, -166.6603
20000.000000, 72.387, -157.2853
20300.000000, 72.017, -146.3054
20600.000000, 71.971, -136.7320
20900.000000, 72.152, -129.8425
21200.000000, 72.328, -126.0676
21400.000000, 72.320, -125.0331
21800.000000, 71.732, -125.2714
22000.000000, 71.085, -125.7130
22400.000000, 69.133, -125.5886
22700.000000, 67.193, -124.3918
23000.000000, 64.720, -122.4655
23300.000000, 61.321, -119.9944
23600.000000, 57.071, -116.3446
24000.000000, 52.424, -109.6580
