* Measurement data measured by REW V5.31.3
* Source: Loopback 1/2 (2- E2x2), LINE_IN (Master Volume), R, volume: 1.000. Timing signal peak level -38.7 dBFS, measurement signal peak level -36.4 dBFS
* Format: 2M Log Swept Sine, 1 sweep at -12.0 dBFS using an acoustic timing reference
* Dated: Nov 17, 2024 6:58:25 AM
* REW Settings:
*  C-weighting compensation: Off
*  Target level: 75.0 dB
* Note: ; Delay -0.0580 ms (-20 mm, -0.78 in) using estimated IR delay relative to Acoustic reference played from SPEAKER L with no timing offset Clock adjustment: 4.3 ppm
* Measurement: Truthear Zero Red 10 L
* Smoothing: 1/24 octave
* Frequency Step: 1/48 octave
* Start Frequency: 1.000 Hz
*
* Freq(Hz), SPL(dB), Phase(degrees)
1.000000, 53.200, 130.7670
1.015000, 53.527, 129.2547
1.030000, 53.849, 127.7498
1.044000, 54.146, 126.3474
1.060000, 54.479, 124.7429
1.075000, 54.785, 123.2325
1.090000, 55.085, 121.7136
1.106000, 55.399, 120.0872
1.120000, 55.670, 118.6701
1.138000, 56.013, 116.8695
1.150000, 56.238, 115.6862
1.172000, 56.646, 113.5580
1.180000, 56.792, 112.7985
1.206000, 57.261, 110.3857
1.220000, 57.509, 109.1227
1.241000, 57.877, 107.2762
1.250000, 58.032, 106.5022
1.265000, 58.289, 105.2349
1.280000, 58.543, 103.9951
1.315000, 59.124, 101.2026
1.320000, 59.206, 100.8145
1.340000, 59.531, 99.2867
1.360000, 59.851, 97.7957
1.380000, 60.167, 96.3380
1.400000, 60.479, 94.9095
1.430000, 60.940, 92.8134
1.450000, 61.243, 91.4419
1.475000, 61.616, 89.7547
1.500000, 61.982, 88.1044
1.525000, 62.339, 86.4951
1.550000, 62.688, 84.9259
1.575000, 63.030, 83.3947
1.600000, 63.365, 81.8991
1.625000, 63.693, 80.4360
1.650000, 64.015, 79.0026
1.675000, 64.331, 77.5954
1.700000, 64.641, 76.2112
1.725000, 64.947, 74.8469
1.750000, 65.248, 73.4991
1.775000, 65.545, 72.1647
1.800000, 65.838, 70.8407
1.825000, 66.127, 69.5244
1.850000, 66.413, 68.2151
1.875000, 66.692, 66.9155
1.900000, 66.966, 65.6289
1.925000, 67.234, 64.3581
1.950000, 67.497, 63.1050
1.975000, 67.756, 61.8711
2.000000, 68.009, 60.6571
2.030000, 68.308, 59.2273
2.060000, 68.601, 57.8270
2.090000, 68.889, 56.4554
2.120000, 69.172, 55.1115
2.140000, 69.358, 54.2302
2.180000, 69.726, 52.4997
2.200000, 69.907, 51.6484
2.240000, 70.262, 49.9661
2.270000, 70.522, 48.7209
2.300000, 70.776, 47.4918
2.330000, 71.025, 46.2807
2.360000, 71.269, 45.0889
2.400000, 71.587, 43.5316
2.430000, 71.822, 42.3884
2.470000, 72.128, 40.8975
2.500000, 72.355, 39.8044
2.540000, 72.652, 38.3794
2.580000, 72.944, 36.9871
2.620000, 73.230, 35.6190
2.650000, 73.440, 34.6073
2.690000, 73.713, 33.2786
2.720000, 73.914, 32.2982
2.760000, 74.178, 31.0137
2.800000, 74.436, 29.7562
2.850000, 74.753, 28.2237
2.900000, 75.064, 26.7352
2.950000, 75.370, 25.2885
3.000000, 75.670, 23.8760
3.040000, 75.904, 22.7681
3.070000, 76.076, 21.9500
3.110000, 76.303, 20.8759
3.150000, 76.526, 19.8209
3.200000, 76.801, 18.5289
3.250000, 77.072, 17.2662
3.300000, 77.339, 16.0322
3.350000, 77.603, 14.8257
3.400000, 77.861, 13.6450
3.450000, 78.115, 12.4876
3.500000, 78.365, 11.3511
3.550000, 78.611, 10.2335
3.600000, 78.855, 9.1326
3.650000, 79.095, 8.0472
3.700000, 79.333, 6.9780
3.750000, 79.568, 5.9264
3.820000, 79.890, 4.4813
3.870000, 80.117, 3.4653
3.950000, 80.474, 1.8610
4.000000, 80.694, 0.8683
4.060000, 80.954, -0.3135
4.120000, 81.210, -1.4824
4.180000, 81.462, -2.6381
4.250000, 81.751, -3.9717
4.310000, 81.994, -5.1047
4.370000, 82.233, -6.2310
4.440000, 82.506, -7.5383
4.500000, 82.736, -8.6526
4.550000, 82.924, -9.5757
4.620000, 83.183, -10.8579
4.680000, 83.400, -11.9474
4.750000, 83.648, -13.2079
4.820000, 83.890, -14.4608
4.870000, 84.059, -15.3521
4.940000, 84.291, -16.5923
5.000000, 84.485, -17.6452
5.080000, 84.737, -19.0306
5.150000, 84.952, -20.2263
5.220000, 85.161, -21.4121
5.300000, 85.393, -22.7550
5.380000, 85.618, -24.0781
5.450000, 85.809, -25.2148
5.520000, 85.996, -26.3318
5.600000, 86.204, -27.5906
5.700000, 86.454, -29.1378
5.800000, 86.696, -30.6472
5.900000, 86.930, -32.1141
6.000000, 87.157, -33.5464
6.080000, 87.333, -34.6686
6.150000, 87.484, -35.6315
6.220000, 87.632, -36.5757
6.300000, 87.798, -37.6334
6.400000, 88.000, -38.9275
6.500000, 88.198, -40.1919
6.600000, 88.391, -41.4272
6.700000, 88.581, -42.6354
6.800000, 88.766, -43.8192
6.900000, 88.948, -44.9811
7.000000, 89.126, -46.1230
7.100000, 89.301, -47.2468
7.200000, 89.472, -48.3536
7.300000, 89.640, -49.4448
7.400000, 89.804, -50.5224
7.500000, 89.965, -51.5873
7.620000, 90.153, -52.8477
7.750000, 90.351, -54.1924
7.880000, 90.543, -55.5180
8.000000, 90.715, -56.7224
8.120000, 90.882, -57.9071
8.250000, 91.057, -59.1707
8.380000, 91.226, -60.4104
8.500000, 91.377, -61.5320
8.620000, 91.523, -62.6335
8.750000, 91.677, -63.8022
8.850000, 91.793, -64.6829
9.000000, 91.961, -65.9760
9.120000, 92.092, -66.9863
9.250000, 92.231, -68.0564
9.380000, 92.366, -69.1030
9.500000, 92.489, -70.0494
9.620000, 92.610, -70.9777
9.750000, 92.739, -71.9644
9.880000, 92.858, -72.9338
10.000000, 92.959, -73.8146
10.150000, 93.073, -74.8986
10.300000, 93.182, -75.9666
10.440000, 93.279, -76.9508
10.600000, 93.388, -78.0622
10.750000, 93.491, -79.0929
10.900000, 93.593, -80.1129
11.060000, 93.701, -81.1884
11.200000, 93.793, -82.1191
11.380000, 93.911, -83.2986
11.500000, 93.988, -84.0737
11.720000, 94.127, -85.4695
11.800000, 94.177, -85.9683
12.060000, 94.336, -87.5587
12.200000, 94.421, -88.3963
12.410000, 94.547, -89.6323
12.500000, 94.601, -90.1562
12.650000, 94.691, -91.0234
12.800000, 94.780, -91.8859
13.150000, 94.985, -93.8934
13.200000, 95.013, -94.1803
13.400000, 95.125, -95.3287
13.600000, 95.231, -96.4741
13.800000, 95.330, -97.6111
14.000000, 95.422, -98.7295
14.300000, 95.550, -100.3540
14.500000, 95.628, -101.3896
14.750000, 95.721, -102.6260
15.000000, 95.812, -103.8009
15.250000, 95.904, -104.9275
15.500000, 95.998, -106.0245
15.750000, 96.094, -107.1090
16.000000, 96.190, -108.1933
16.250000, 96.283, -109.2805
16.500000, 96.373, -110.3668
16.750000, 96.458, -111.4449
17.000000, 96.540, -112.5079
17.250000, 96.618, -113.5537
17.500000, 96.694, -114.5845
17.750000, 96.768, -115.6061
18.000000, 96.840, -116.6228
18.250000, 96.906, -117.6348
18.500000, 96.966, -118.6355
18.750000, 97.020, -119.6132
19.000000, 97.069, -120.5547
19.250000, 97.115, -121.4498
19.500000, 97.161, -122.2966
19.750000, 97.209, -123.1022
20.000000, 97.260, -123.8821
20.299999, 97.327, -124.8098
20.600000, 97.397, -125.7529
20.900000, 97.467, -126.7221
21.200001, 97.531, -127.7096
21.400000, 97.569, -128.3680
21.799999, 97.637, -129.6562
22.000000, 97.666, -130.2767
22.400000, 97.722, -131.4648
22.700001, 97.763, -132.3181
23.000000, 97.804, -133.1508
23.299999, 97.844, -133.9712
23.600000, 97.881, -134.7821
24.000000, 97.928, -135.8467
24.299999, 97.960, -136.6308
24.700001, 98.000, -137.6590
25.000000, 98.028, -138.4201
25.400000, 98.063, -139.4218
25.799999, 98.093, -140.4014
26.200001, 98.119, -141.3488
26.500000, 98.138, -142.0372
26.900000, 98.167, -142.9363
27.200001, 98.190, -143.6085
27.600000, 98.222, -144.5178
28.000000, 98.251, -145.4464
28.500000, 98.280, -146.6146
29.000000, 98.300, -147.7512
29.500000, 98.315, -148.8259
30.000000, 98.332, -149.8397
30.400000, 98.349, -150.6235
30.700001, 98.363, -151.2050
31.100000, 98.382, -151.9790
31.500000, 98.400, -152.7524
32.000000, 98.418, -153.7090
32.500000, 98.433, -154.6425
33.000000, 98.445, -155.5501
33.500000, 98.456, -156.4401
34.000000, 98.465, -157.3184
34.500000, 98.470, -158.1799
35.000000, 98.470, -159.0134
35.500000, 98.469, -159.8123
36.000000, 98.468, -160.5818
36.500000, 98.468, -161.3370
37.000000, 98.470, -162.0942
37.500000, 98.471, -162.8610
38.200001, 98.466, -163.9313
38.700001, 98.457, -164.6677
39.500000, 98.444, -165.7879
40.000000, 98.437, -166.4758
40.599998, 98.429, -167.3046
41.200001, 98.416, -168.1204
41.799999, 98.404, -168.9113
42.500000, 98.391, -169.8301
43.099998, 98.378, -170.6316
43.700001, 98.358, -171.4190
44.400002, 98.332, -172.2788
45.000000, 98.313, -172.9828
45.500000, 98.299, -173.5751
46.200001, 98.274, -174.4128
46.799999, 98.247, -175.0944
47.500000, 98.216, -175.8201
48.200001, 98.192, -176.5267
48.700001, 98.176, -177.0510
49.400002, 98.150, -177.7979
50.000000, 98.125, -178.4239
50.799999, 98.092, -179.2509
51.500000, 98.062, -179.9916
52.200001, 98.026, 179.2698
53.000000, 97.981, 178.4584
53.799999, 97.934, 177.7006
54.500000, 97.895, 177.0958
55.200001, 97.863, 176.5183
56.000000, 97.833, 175.8274
57.000000, 97.784, 174.9319
58.000000, 97.721, 174.1221
59.000000, 97.662, 173.4034
60.000000, 97.607, 172.6683
60.799999, 97.558, 172.0739
61.500000, 97.517, 171.5703
62.200001, 97.479, 171.0518
63.000000, 97.433, 170.4345
64.000000, 97.371, 169.6974
65.000000, 97.311, 168.9637
66.000000, 97.240, 168.2586
67.000000, 97.170, 167.6774
68.000000, 97.115, 167.0975
69.000000, 97.061, 166.4350
70.000000, 97.003, 165.7472
71.000000, 96.942, 165.0294
72.000000, 96.870, 164.3647
73.000000, 96.812, 163.8634
74.000000, 96.779, 163.2484
75.000000, 96.714, 162.4998
76.199997, 96.601, 161.9011
77.500000, 96.496, 161.4365
78.800003, 96.387, 160.9374
80.000000, 96.292, 160.5103
81.199997, 96.206, 159.9874
82.500000, 96.106, 159.4034
83.800003, 96.007, 158.9069
85.000000, 95.920, 158.5176
86.199997, 95.836, 158.1479
87.500000, 95.751, 157.6957
88.500000, 95.680, 157.2341
90.000000, 95.560, 156.6116
91.199997, 95.481, 156.1144
92.500000, 95.380, 155.5620
93.800003, 95.271, 155.3235
95.000000, 95.199, 155.1598
96.199997, 95.111, 154.7246
97.500000, 94.959, 154.2300
98.800003, 94.803, 154.1301
100.000000, 94.738, 154.0225
101.500000, 94.664, 153.2722
103.000000, 94.520, 152.9252
104.400002, 94.454, 153.2448
106.000000, 94.431, 153.1176
107.500000, 94.341, 152.5072
109.000000, 94.183, 151.9717
110.599998, 94.007, 151.7498
112.000000, 93.884, 151.5327
113.800003, 93.729, 151.4537
115.000000, 93.639, 151.2780
117.199997, 93.432, 150.8015
118.000000, 93.358, 150.6934
120.599998, 93.195, 150.5366
122.000000, 93.157, 150.5636
124.099998, 93.090, 150.7210
125.000000, 93.047, 150.8300
126.500000, 92.947, 151.0160
128.000000, 92.838, 151.2189
131.500000, 92.569, 151.3706
132.000000, 92.542, 151.3825
134.000000, 92.415, 151.3873
136.000000, 92.287, 151.6376
138.000000, 92.133, 151.6029
140.000000, 91.970, 152.3843
143.000000, 91.879, 152.3068
145.000000, 91.706, 152.1325
147.500000, 91.545, 153.4594
150.000000, 91.496, 153.2637
152.500000, 91.317, 153.7096
155.000000, 91.142, 153.6227
157.500000, 90.850, 154.9061
160.000000, 90.785, 156.8431
162.500000, 90.747, 156.5832
165.000000, 90.391, 157.6353
167.500000, 90.496, 159.7190
170.000000, 90.513, 158.2739
172.500000, 90.228, 158.7169
175.000000, 90.112, 160.3616
177.500000, 90.226, 159.4769
180.000000, 90.057, 157.0518
182.500000, 89.757, 158.5016
185.000000, 89.822, 160.3950
187.500000, 89.765, 159.4073
190.000000, 89.524, 159.8260
192.500000, 89.597, 161.9510
195.000000, 89.923, 163.5772
197.500000, 90.192, 165.0076
200.000000, 90.282, 166.5271
203.000000, 90.188, 167.6368
206.000000, 90.060, 167.3354
209.000000, 89.996, 166.4759
212.000000, 90.021, 166.3100
214.000000, 90.051, 166.8204
218.000000, 89.968, 168.3209
220.000000, 89.887, 168.3795
224.000000, 89.967, 167.5024
227.000000, 90.126, 168.3373
230.000000, 90.099, 169.8398
233.000000, 90.000, 170.2255
236.000000, 90.012, 170.0373
240.000000, 90.046, 170.7302
243.000000, 90.032, 171.0946
247.000000, 90.052, 171.3201
250.000000, 90.059, 171.7262
254.000000, 90.055, 172.0988
258.000000, 90.072, 172.5126
262.000000, 90.084, 172.8175
265.000000, 90.086, 172.9601
269.000000, 90.087, 173.2228
272.000000, 90.097, 173.4558
276.000000, 90.112, 173.6902
280.000000, 90.141, 174.0063
285.000000, 90.152, 174.0635
290.000000, 90.137, 174.2115
295.000000, 90.123, 174.5359
300.000000, 90.132, 175.1352
304.000000, 90.182, 175.5513
307.000000, 90.220, 175.7031
311.000000, 90.242, 175.7822
315.000000, 90.227, 175.8370
320.000000, 90.189, 175.8624
325.000000, 90.177, 175.7318
330.000000, 90.215, 175.7351
335.000000, 90.234, 175.9604
340.000000, 90.219, 176.0850
345.000000, 90.208, 176.1790
350.000000, 90.203, 176.4212
355.000000, 90.205, 176.6159
360.000000, 90.198, 176.7147
365.000000, 90.189, 176.7772
370.000000, 90.183, 176.8882
375.000000, 90.181, 177.1399
382.000000, 90.182, 177.3246
387.000000, 90.172, 177.2998
395.000000, 90.156, 177.4136
400.000000, 90.157, 177.6487
406.000000, 90.154, 177.8459
412.000000, 90.150, 177.9160
418.000000, 90.145, 177.9555
425.000000, 90.140, 178.1382
431.000000, 90.123, 178.3165
437.000000, 90.100, 178.4526
444.000000, 90.075, 178.5933
450.000000, 90.056, 178.7292
455.000000, 90.042, 178.8682
462.000000, 90.027, 179.0298
468.000000, 90.010, 179.1646
475.000000, 89.993, 179.3758
482.000000, 89.977, 179.6015
487.000000, 89.965, 179.7510
494.000000, 89.948, 179.9294
500.000000, 89.934, -179.9274
508.000000, 89.911, -179.6946
515.000000, 89.887, -179.4075
522.000000, 89.867, -179.1605
530.000000, 89.839, -178.9352
538.000000, 89.816, -178.6825
545.000000, 89.803, -178.4297
552.000000, 89.784, -178.1707
560.000000, 89.754, -177.9122
570.000000, 89.726, -177.5278
580.000000, 89.714, -177.0218
590.000000, 89.688, -176.5782
600.000000, 89.625, -176.1116
608.000000, 89.586, -175.7560
615.000000, 89.562, -175.5966
622.000000, 89.540, -175.4017
630.000000, 89.522, -175.0719
640.000000, 89.507, -174.5893
650.000000, 89.514, -173.9458
660.000000, 89.514, -173.5103
670.000000, 89.506, -173.3251
680.000000, 89.520, -172.9714
690.000000, 89.510, -172.4874
700.000000, 89.485, -171.9299
710.000000, 89.470, -171.4271
720.000000, 89.466, -170.9680
730.000000, 89.475, -170.5404
740.000000, 89.492, -170.0637
750.000000, 89.506, -169.5787
762.000000, 89.516, -168.9608
775.000000, 89.528, -168.2790
788.000000, 89.544, -167.6370
800.000000, 89.554, -167.0031
812.000000, 89.569, -166.3124
825.000000, 89.590, -165.6387
838.000000, 89.622, -164.9796
850.000000, 89.656, -164.3192
862.000000, 89.687, -163.7041
875.000000, 89.726, -163.0428
885.000000, 89.762, -162.5027
900.000000, 89.818, -161.7036
912.000000, 89.861, -161.1139
925.000000, 89.910, -160.4948
938.000000, 89.962, -159.8868
950.000000, 90.010, -159.3183
962.000000, 90.060, -158.7629
975.000000, 90.118, -158.1978
988.000000, 90.179, -157.6595
1000.000000, 90.239, -157.1819
1015.000000, 90.315, -156.6408
1030.000000, 90.388, -156.1360
1044.000000, 90.452, -155.6651
1060.000000, 90.528, -155.1888
1075.000000, 90.610, -154.8075
1090.000000, 90.697, -154.4766
1106.000000, 90.789, -154.1578
1120.000000, 90.865, -153.8994
1138.000000, 90.960, -153.6025
1150.000000, 91.020, -153.4312
1172.000000, 91.127, -153.1353
1180.000000, 91.166, -153.0350
1206.000000, 91.287, -152.8016
1220.000000, 91.342, -152.6746
1241.000000, 91.425, -152.4507
1250.000000, 91.464, -152.3782
1265.000000, 91.532, -152.2783
1280.000000, 91.600, -152.1509
1315.000000, 91.753, -151.8300
1320.000000, 91.775, -151.7849
1340.000000, 91.863, -151.5741
1360.000000, 91.957, -151.3463
1380.000000, 92.060, -151.1564
1400.000000, 92.167, -150.9903
1430.000000, 92.330, -150.7723
1450.000000, 92.441, -150.6946
1475.000000, 92.582, -150.6564
1500.000000, 92.722, -150.6943
1525.000000, 92.852, -150.7998
1550.000000, 92.971, -150.9573
1575.000000, 93.080, -151.1486
1600.000000, 93.182, -151.3521
1625.000000, 93.279, -151.5443
1650.000000, 93.370, -151.7235
1675.000000, 93.458, -151.9043
1700.000000, 93.542, -152.0895
1725.000000, 93.623, -152.2855
1750.000000, 93.698, -152.4852
1775.000000, 93.768, -152.6732
1800.000000, 93.837, -152.8566
1825.000000, 93.905, -153.0200
1850.000000, 93.972, -153.1588
1875.000000, 94.039, -153.2921
1900.000000, 94.108, -153.4154
1925.000000, 94.179, -153.5240
1950.000000, 94.254, -153.6360
1975.000000, 94.332, -153.7495
2000.000000, 94.411, -153.8527
2030.000000, 94.506, -153.9760
2060.000000, 94.604, -154.1174
2090.000000, 94.706, -154.2829
2120.000000, 94.809, -154.4754
2140.000000, 94.879, -154.6213
2180.000000, 95.019, -154.9562
2200.000000, 95.089, -155.1408
2240.000000, 95.226, -155.5339
2270.000000, 95.327, -155.8523
2300.000000, 95.428, -156.1913
2330.000000, 95.528, -156.5496
2360.000000, 95.627, -156.9272
2400.000000, 95.757, -157.4626
2430.000000, 95.851, -157.8840
2470.000000, 95.973, -158.4681
2500.000000, 96.064, -158.9212
2540.000000, 96.181, -159.5377
2580.000000, 96.297, -160.1653
2620.000000, 96.412, -160.7958
2650.000000, 96.499, -161.2697
2690.000000, 96.618, -161.9124
2720.000000, 96.710, -162.4199
2760.000000, 96.835, -163.1583
2800.000000, 96.959, -163.9916
2850.000000, 97.103, -165.1569
2900.000000, 97.229, -166.4080
2950.000000, 97.337, -167.6959
3000.000000, 97.426, -168.9975
3040.000000, 97.484, -170.0411
3070.000000, 97.517, -170.8215
3110.000000, 97.546, -171.8569
3150.000000, 97.551, -172.8723
3200.000000, 97.521, -174.0549
3250.000000, 97.466, -175.1115
3300.000000, 97.396, -176.0923
3350.000000, 97.329, -177.0721
3400.000000, 97.274, -178.0899
3450.000000, 97.228, -179.1340
3500.000000, 97.195, 179.8240
3550.000000, 97.167, 178.8140
3600.000000, 97.134, 177.8572
3650.000000, 97.085, 176.9634
3700.000000, 97.009, 176.1180
3750.000000, 96.904, 175.2987
3820.000000, 96.706, 174.1730
3870.000000, 96.543, 173.3765
3950.000000, 96.266, 172.1476
4000.000000, 96.095, 171.4363
4060.000000, 95.907, 170.6597
4120.000000, 95.746, 169.9811
4180.000000, 95.620, 169.4059
4250.000000, 95.503, 168.8537
4310.000000, 95.422, 168.4559
4370.000000, 95.348, 168.1187
4440.000000, 95.257, 167.7947
4500.000000, 95.170, 167.5754
4550.000000, 95.089, 167.4338
4620.000000, 94.965, 167.2996
4680.000000, 94.850, 167.2418
4750.000000, 94.709, 167.2366
4820.000000, 94.561, 167.2955
4870.000000, 94.452, 167.3752
4940.000000, 94.295, 167.5404
5000.000000, 94.157, 167.7272
5080.000000, 93.971, 168.0421
5150.000000, 93.810, 168.3865
5220.000000, 93.652, 168.7849
5300.000000, 93.479, 169.2993
5380.000000, 93.314, 169.8858
5450.000000, 93.178, 170.4601
5520.000000, 93.047, 171.0905
5600.000000, 92.904, 171.8778
5700.000000, 92.732, 172.9480
5800.000000, 92.571, 174.0941
5900.000000, 92.421, 175.3011
6000.000000, 92.290, 176.5399
6080.000000, 92.205, 177.5388
6150.000000, 92.148, 178.4182
6220.000000, 92.109, 179.3008
6300.000000, 92.086, -179.6898
6400.000000, 92.092, -178.4371
6500.000000, 92.136, -177.2184
6600.000000, 92.215, -176.0563
6700.000000, 92.329, -174.9728
6800.000000, 92.481, -174.0010
6900.000000, 92.674, -173.1765
7000.000000, 92.907, -172.5396
7100.000000, 93.185, -172.1302
7200.000000, 93.513, -172.0070
7300.000000, 93.887, -172.2505
7400.000000, 94.303, -172.9355
7500.000000, 94.751, -174.1191
7620.000000, 95.309, -176.3040
7750.000000, 95.870, -179.8138
7880.000000, 96.287, 175.2404
8000.000000, 96.497, 169.2844
8120.000000, 96.458, 162.1215
8250.000000, 96.062, 153.5980
8380.000000, 95.270, 145.3803
8500.000000, 94.228, 139.1247
8620.000000, 92.999, 134.8007
8750.000000, 91.602, 132.4556
8850.000000, 90.561, 132.1199
9000.000000, 89.127, 133.4446
9120.000000, 88.103, 135.6293
9250.000000, 87.119, 138.7181
9380.000000, 86.258, 142.3007
9500.000000, 85.563, 145.8853
9620.000000, 84.962, 149.6375
9750.000000, 84.407, 153.8170
9880.000000, 83.940, 158.0530
10000.000000, 83.580, 161.9791
10150.000000, 83.219, 166.8815
10300.000000, 82.952, 171.7411
10440.000000, 82.781, 176.1894
10600.000000, 82.673, -178.8862
10750.000000, 82.654, -174.5137
10900.000000, 82.706, -170.4791
11060.000000, 82.822, -166.6625
11200.000000, 82.949, -163.7982
11380.000000, 83.094, -160.7173
11500.000000, 83.150, -158.8568
11720.000000, 83.148, -155.0001
11800.000000, 83.136, -153.1936
12060.000000, 83.296, -145.1992
12200.000000, 83.652, -139.8840
12410.000000, 84.693, -131.9452
12500.000000, 85.339, -128.9699
12650.000000, 86.672, -125.1376
12800.000000, 88.290, -123.3887
13150.000000, 92.284, -132.9354
13200.000000, 92.704, -136.2087
13400.000000, 93.516, -152.9717
13600.000000, 92.655, -170.8163
13800.000000, 90.337, 176.3038
14000.000000, 87.472, 170.2285
14300.000000, 84.256, 169.9448
14500.000000, 83.024, 172.5714
14750.000000, 82.162, 176.9891
15000.000000, 81.753, -178.0473
15250.000000, 81.607, -172.8679
15500.000000, 81.525, -167.8932
15750.000000, 81.310, -163.6798
16000.000000, 81.291, -161.0223
16250.000000, 81.749, -161.1234
16500.000000, 82.525, -165.3844
16750.000000, 83.205, -174.4600
17000.000000, 83.209, 173.1849
17250.000000, 82.293, 161.1068
17500.000000, 80.664, 152.5347
17750.000000, 78.730, 148.5382
18000.000000, 76.828, 148.4630
18250.000000, 75.130, 151.1823
18500.000000, 73.660, 155.7496
18750.000000, 72.388, 161.6354
19000.000000, 71.289, 168.5400
19250.000000, 70.342, 176.2935
19500.000000, 69.520, -175.1841
19750.000000, 68.824, -166.0695
20000.000000, 68.294, -156.6711
20300.000000, 67.927, -145.6632
20600.000000, 67.892, -136.0813
20900.000000, 68.081, -129.1238
21200.000000, 68.255, -125.2758
21400.000000, 68.253, -124.2166
21800.000000, 67.693, -124.4373
22000.000000, 67.054, -124.8754
22400.000000, 65.114, -124.8052
22700.000000, 63.169, -123.7020
23000.000000, 60.683, -121.8192
23300.000000, 57.294, -119.2809
23600.000000, 53.104, -115.3789
24000.000000, 48.672, -107.9965
