* Measurement data measured by REW V5.31.3
* Source: Loopback 1/2 (2- E2x2), LINE_IN (Master Volume), R, volume: 1.000. Timing signal peak level -31.4 dBFS, measurement signal peak level -30.5 dBFS
* Format: 4M Log Swept Sine, 1 sweep at -12.0 dBFS using an acoustic timing reference
* Dated: Nov 17, 2024 6:54:25 AM
* REW Settings:
*  C-weighting compensation: Off
*  Target level: 75.0 dB
* Note: ; Delay -0.0621 ms (-21 mm, -0.84 in) using estimated IR delay relative to Acoustic reference played from SPEAKER R with no timing offset Clock adjustment: 4.2 ppm
* Measurement: Truthear Zero R
* Smoothing: 1/24 octave
* Frequency Step: 1/48 octave
* Start Frequency: 1.000 Hz
*
* Freq(Hz), SPL(dB), Phase(degrees)
1.000000, 61.002, 114.5212
1.015000, 61.116, 112.7890
1.030000, 61.233, 111.0592
1.044000, 61.344, 109.4449
1.060000, 61.473, 107.5979
1.075000, 61.597, 105.8615
1.090000, 61.724, 104.1167
1.106000, 61.863, 102.2389
1.120000, 61.988, 100.5743
1.138000, 62.154, 98.4074
1.150000, 62.268, 96.9514
1.172000, 62.482, 94.2721
1.180000, 62.562, 93.2980
1.206000, 62.826, 90.1472
1.220000, 62.972, 88.4669
1.241000, 63.194, 85.9780
1.250000, 63.290, 84.9249
1.265000, 63.451, 83.1902
1.280000, 63.614, 81.4832
1.315000, 63.997, 77.6161
1.320000, 64.051, 77.0775
1.340000, 64.271, 74.9578
1.360000, 64.489, 72.8937
1.380000, 64.707, 70.8836
1.400000, 64.922, 68.9252
1.430000, 65.240, 66.0771
1.450000, 65.447, 64.2312
1.475000, 65.702, 61.9653
1.500000, 65.956, 59.7171
1.525000, 66.212, 57.4836
1.550000, 66.468, 55.2756
1.575000, 66.724, 53.1032
1.600000, 66.980, 50.9741
1.625000, 67.234, 48.8941
1.650000, 67.487, 46.8667
1.675000, 67.736, 44.8939
1.700000, 67.981, 42.9761
1.725000, 68.222, 41.1125
1.750000, 68.457, 39.3012
1.775000, 68.687, 37.5394
1.800000, 68.910, 35.8231
1.825000, 69.126, 34.1439
1.850000, 69.335, 32.4790
1.875000, 69.539, 30.8056
1.900000, 69.738, 29.1241
1.925000, 69.933, 27.4436
1.950000, 70.123, 25.7738
1.975000, 70.309, 24.1232
2.000000, 70.489, 22.4991
2.030000, 70.700, 20.5939
2.060000, 70.903, 18.7447
2.090000, 71.099, 16.9584
2.120000, 71.288, 15.2403
2.140000, 71.409, 14.1345
2.180000, 71.643, 12.0169
2.200000, 71.754, 10.9964
2.240000, 71.967, 8.9736
2.270000, 72.118, 7.4500
2.300000, 72.260, 5.9265
2.330000, 72.396, 4.4135
2.360000, 72.524, 2.9213
2.400000, 72.684, 0.9813
2.430000, 72.797, -0.4246
2.470000, 72.937, -2.2173
2.500000, 73.035, -3.4903
2.540000, 73.157, -5.0817
2.580000, 73.267, -6.5675
2.620000, 73.365, -8.0089
2.650000, 73.429, -9.0774
2.690000, 73.505, -10.4790
2.720000, 73.554, -11.5048
2.760000, 73.611, -12.8253
2.800000, 73.660, -14.0756
2.850000, 73.710, -15.5113
2.900000, 73.752, -16.7729
2.950000, 73.784, -17.8500
3.000000, 73.799, -18.7909
3.040000, 73.799, -19.4649
3.070000, 73.794, -19.9241
3.110000, 73.782, -20.4711
3.150000, 73.768, -20.9381
3.200000, 73.751, -21.3989
3.250000, 73.741, -21.7090
3.300000, 73.740, -21.8521
3.350000, 73.741, -21.8142
3.400000, 73.740, -21.6016
3.450000, 73.741, -21.2369
3.500000, 73.749, -20.7466
3.550000, 73.771, -20.1590
3.600000, 73.812, -19.5034
3.650000, 73.878, -18.8013
3.700000, 73.970, -18.0368
3.750000, 74.085, -17.1823
3.820000, 74.278, -15.8827
3.870000, 74.437, -14.9434
3.950000, 74.719, -13.5440
4.000000, 74.911, -12.7893
4.060000, 75.158, -12.0141
4.120000, 75.431, -11.3311
4.180000, 75.726, -10.7342
4.250000, 76.085, -10.1776
4.310000, 76.394, -9.8450
4.370000, 76.696, -9.6608
4.440000, 77.039, -9.6283
4.500000, 77.330, -9.7293
4.550000, 77.571, -9.8874
4.620000, 77.903, -10.2020
4.680000, 78.178, -10.5439
4.750000, 78.482, -11.0160
4.820000, 78.768, -11.5722
4.870000, 78.962, -12.0218
4.940000, 79.222, -12.7039
5.000000, 79.434, -13.3144
5.080000, 79.702, -14.1330
5.150000, 79.923, -14.8420
5.220000, 80.129, -15.5607
5.300000, 80.348, -16.3953
5.380000, 80.553, -17.2191
5.450000, 80.726, -17.9095
5.520000, 80.892, -18.5623
5.600000, 81.073, -19.2735
5.700000, 81.287, -20.1235
5.800000, 81.494, -20.9288
5.900000, 81.701, -21.6816
6.000000, 81.905, -22.3803
6.080000, 82.067, -22.9157
6.150000, 82.209, -23.3797
6.220000, 82.353, -23.8458
6.300000, 82.518, -24.3778
6.400000, 82.728, -25.0385
6.500000, 82.938, -25.7146
6.600000, 83.147, -26.4281
6.700000, 83.355, -27.1794
6.800000, 83.563, -27.9607
6.900000, 83.767, -28.7739
7.000000, 83.964, -29.6242
7.100000, 84.157, -30.5111
7.200000, 84.343, -31.4220
7.300000, 84.522, -32.3442
7.400000, 84.693, -33.2763
7.500000, 84.857, -34.2190
7.620000, 85.044, -35.3449
7.750000, 85.237, -36.5365
7.880000, 85.419, -37.7024
8.000000, 85.581, -38.7476
8.120000, 85.739, -39.7516
8.250000, 85.906, -40.7965
8.380000, 86.071, -41.8032
8.500000, 86.223, -42.6989
8.620000, 86.376, -43.5652
8.750000, 86.542, -44.4829
8.850000, 86.672, -45.1795
9.000000, 86.868, -46.2107
9.120000, 87.025, -47.0328
9.250000, 87.196, -47.9277
9.380000, 87.367, -48.8266
9.500000, 87.524, -49.6615
9.620000, 87.679, -50.5034
9.750000, 87.843, -51.4210
9.880000, 87.998, -52.3397
10.000000, 88.128, -53.1878
10.150000, 88.278, -54.2439
10.300000, 88.417, -55.2856
10.440000, 88.540, -56.2428
10.600000, 88.674, -57.3101
10.750000, 88.797, -58.2782
10.900000, 88.917, -59.2128
11.060000, 89.043, -60.1651
11.200000, 89.151, -60.9603
11.380000, 89.289, -61.9293
11.500000, 89.381, -62.5419
11.720000, 89.552, -63.6045
11.800000, 89.616, -63.9736
12.060000, 89.825, -65.1252
12.200000, 89.941, -65.7269
12.410000, 90.118, -66.6202
12.500000, 90.195, -67.0055
12.650000, 90.324, -67.6536
12.800000, 90.452, -68.3128
13.150000, 90.743, -69.9024
13.200000, 90.783, -70.1339
13.400000, 90.938, -71.0666
13.600000, 91.083, -71.9959
13.800000, 91.219, -72.9087
14.000000, 91.347, -73.7902
14.300000, 91.528, -75.0388
14.500000, 91.644, -75.8191
14.750000, 91.787, -76.7467
15.000000, 91.930, -77.6383
15.250000, 92.074, -78.5151
15.500000, 92.218, -79.3921
15.750000, 92.361, -80.2757
16.000000, 92.500, -81.1648
16.250000, 92.635, -82.0531
16.500000, 92.767, -82.9354
16.750000, 92.895, -83.8095
17.000000, 93.022, -84.6775
17.250000, 93.146, -85.5427
17.500000, 93.267, -86.4070
17.750000, 93.384, -87.2675
18.000000, 93.497, -88.1169
18.250000, 93.604, -88.9456
18.500000, 93.708, -89.7449
18.750000, 93.810, -90.5124
19.000000, 93.913, -91.2516
19.250000, 94.018, -91.9732
19.500000, 94.124, -92.6895
19.750000, 94.231, -93.4106
20.000000, 94.337, -94.1406
20.299999, 94.458, -95.0228
20.600000, 94.573, -95.8961
20.900000, 94.682, -96.7419
21.200001, 94.788, -97.5491
21.400000, 94.858, -98.0661
21.799999, 94.998, -99.0651
22.000000, 95.069, -99.5564
22.400000, 95.210, -100.5397
22.700001, 95.313, -101.2816
23.000000, 95.413, -102.0230
23.299999, 95.509, -102.7584
23.600000, 95.602, -103.4855
24.000000, 95.723, -104.4468
24.299999, 95.810, -105.1666
24.700001, 95.920, -106.1234
25.000000, 95.997, -106.8296
25.400000, 96.095, -107.7372
25.799999, 96.190, -108.5953
26.200001, 96.287, -109.4151
26.500000, 96.361, -110.0215
26.900000, 96.462, -110.8401
27.200001, 96.538, -111.4677
27.600000, 96.634, -112.3169
28.000000, 96.725, -113.1654
28.500000, 96.831, -114.2034
29.000000, 96.931, -115.2044
29.500000, 97.027, -116.1646
30.000000, 97.123, -117.0879
30.400000, 97.201, -117.8120
30.700001, 97.260, -118.3556
31.100000, 97.338, -119.0880
31.500000, 97.411, -119.8262
32.000000, 97.495, -120.7358
32.500000, 97.575, -121.6090
33.000000, 97.654, -122.4510
33.500000, 97.735, -123.2897
34.000000, 97.814, -124.1404
34.500000, 97.887, -124.9904
35.000000, 97.957, -125.8190
35.500000, 98.024, -126.6227
36.000000, 98.092, -127.4151
36.500000, 98.159, -128.2081
37.000000, 98.224, -129.0006
37.500000, 98.285, -129.7846
38.200001, 98.368, -130.8614
38.700001, 98.424, -131.6169
39.500000, 98.509, -132.7964
40.000000, 98.560, -133.5113
40.599998, 98.622, -134.3565
41.200001, 98.683, -135.2071
41.799999, 98.740, -136.0655
42.500000, 98.800, -137.0440
43.099998, 98.849, -137.8433
43.700001, 98.900, -138.6254
44.400002, 98.959, -139.5511
45.000000, 99.004, -140.3464
45.500000, 99.040, -140.9913
46.200001, 99.089, -141.8673
46.799999, 99.133, -142.6182
47.500000, 99.179, -143.5021
48.200001, 99.220, -144.3694
48.700001, 99.247, -144.9723
49.400002, 99.284, -145.7991
50.000000, 99.314, -146.4945
50.799999, 99.352, -147.4045
51.500000, 99.383, -148.1863
52.200001, 99.414, -148.9513
53.000000, 99.450, -149.8316
53.799999, 99.482, -150.7509
54.500000, 99.500, -151.5490
55.200001, 99.516, -152.3036
56.000000, 99.536, -153.1429
57.000000, 99.561, -154.1754
58.000000, 99.592, -155.1909
59.000000, 99.620, -156.2468
60.000000, 99.637, -157.2248
60.799999, 99.657, -157.9557
61.500000, 99.674, -158.6172
62.200001, 99.686, -159.2795
63.000000, 99.696, -160.0054
64.000000, 99.707, -160.8976
65.000000, 99.713, -161.7817
66.000000, 99.719, -162.6585
67.000000, 99.723, -163.5482
68.000000, 99.725, -164.4262
69.000000, 99.726, -165.2763
70.000000, 99.729, -166.1005
71.000000, 99.730, -166.9057
72.000000, 99.728, -167.6965
73.000000, 99.718, -168.4631
74.000000, 99.706, -169.1563
75.000000, 99.703, -169.8638
76.199997, 99.690, -170.8289
77.500000, 99.660, -171.8280
78.800003, 99.630, -172.8054
80.000000, 99.601, -173.6687
81.199997, 99.576, -174.5134
82.500000, 99.548, -175.4123
83.800003, 99.521, -176.2768
85.000000, 99.492, -177.0574
86.199997, 99.463, -177.7869
87.500000, 99.431, -178.5953
88.500000, 99.403, -179.1978
90.000000, 99.358, 179.8914
91.199997, 99.324, 179.2000
92.500000, 99.281, 178.4194
93.800003, 99.240, 177.7836
95.000000, 99.214, 177.0996
96.199997, 99.163, 176.2870
97.500000, 99.075, 175.5982
98.800003, 99.017, 175.0801
100.000000, 98.971, 174.5391
101.500000, 98.971, 174.0533
103.000000, 98.971, 172.9026
104.400002, 98.874, 172.0606
106.000000, 98.789, 171.5356
107.500000, 98.698, 170.7464
109.000000, 98.593, 170.1432
110.599998, 98.517, 169.6105
112.000000, 98.458, 169.2186
113.800003, 98.411, 168.7953
115.000000, 98.376, 168.2831
117.199997, 98.284, 166.5444
118.000000, 98.229, 165.8255
120.599998, 98.124, 164.2284
122.000000, 98.110, 163.8158
124.099998, 97.995, 163.8787
125.000000, 97.933, 164.2921
126.500000, 97.842, 164.5319
128.000000, 97.704, 164.0264
131.500000, 97.406, 163.5055
132.000000, 97.410, 163.5375
134.000000, 97.476, 163.3073
136.000000, 97.476, 162.6114
138.000000, 97.425, 161.4705
140.000000, 97.325, 160.2999
143.000000, 97.253, 160.2378
145.000000, 97.126, 160.3752
147.500000, 96.939, 160.0969
150.000000, 96.666, 158.7034
152.500000, 96.517, 159.3140
155.000000, 96.455, 159.2150
157.500000, 96.051, 159.3176
160.000000, 95.724, 160.4078
162.500000, 95.604, 160.8344
165.000000, 95.430, 161.3275
167.500000, 95.212, 160.8389
170.000000, 94.861, 159.0023
172.500000, 94.662, 159.1662
175.000000, 94.750, 159.6446
177.500000, 94.724, 159.5310
180.000000, 94.624, 159.8416
182.500000, 94.462, 160.0728
185.000000, 94.274, 161.3801
187.500000, 94.190, 161.9882
190.000000, 94.121, 161.6931
192.500000, 94.091, 161.9949
195.000000, 94.047, 162.5217
197.500000, 93.936, 162.9287
200.000000, 93.889, 162.8444
203.000000, 93.841, 162.2552
206.000000, 93.770, 162.9028
209.000000, 93.606, 163.4156
212.000000, 93.560, 164.8075
214.000000, 93.619, 165.4062
218.000000, 93.613, 165.5264
220.000000, 93.552, 165.2645
224.000000, 93.529, 166.3152
227.000000, 93.505, 167.7408
230.000000, 93.367, 167.7801
233.000000, 93.292, 167.0042
236.000000, 93.345, 167.6205
240.000000, 93.329, 169.1869
243.000000, 93.229, 169.4258
247.000000, 93.119, 169.7371
250.000000, 93.055, 170.4449
254.000000, 93.067, 170.6617
258.000000, 93.047, 170.6431
262.000000, 93.029, 171.5566
265.000000, 93.075, 172.0257
269.000000, 93.089, 172.0309
272.000000, 93.066, 171.8365
276.000000, 93.060, 171.9356
280.000000, 93.038, 172.4665
285.000000, 92.952, 173.3395
290.000000, 92.879, 173.8510
295.000000, 92.888, 174.1179
300.000000, 92.888, 174.5189
304.000000, 92.875, 174.8658
307.000000, 92.871, 175.1277
311.000000, 92.848, 175.3172
315.000000, 92.804, 175.4532
320.000000, 92.761, 175.8315
325.000000, 92.727, 176.2320
330.000000, 92.706, 176.6224
335.000000, 92.694, 176.9559
340.000000, 92.686, 177.1572
345.000000, 92.680, 177.4637
350.000000, 92.673, 177.8024
355.000000, 92.651, 178.0767
360.000000, 92.626, 178.3534
365.000000, 92.610, 178.6733
370.000000, 92.600, 178.9346
375.000000, 92.593, 179.1295
382.000000, 92.585, 179.4956
387.000000, 92.571, 179.7840
395.000000, 92.546, -179.7988
400.000000, 92.528, -179.5359
406.000000, 92.509, -179.1840
412.000000, 92.499, -178.8700
418.000000, 92.489, -178.6135
425.000000, 92.469, -178.2187
431.000000, 92.441, -177.8490
437.000000, 92.414, -177.5253
444.000000, 92.392, -177.1434
450.000000, 92.377, -176.8257
455.000000, 92.363, -176.5566
462.000000, 92.348, -176.1579
468.000000, 92.341, -175.8470
475.000000, 92.333, -175.5076
482.000000, 92.320, -175.0974
487.000000, 92.304, -174.8048
494.000000, 92.277, -174.4159
500.000000, 92.254, -174.0591
508.000000, 92.223, -173.5628
515.000000, 92.206, -173.1635
522.000000, 92.189, -172.7530
530.000000, 92.173, -172.2647
538.000000, 92.157, -171.7850
545.000000, 92.146, -171.3598
552.000000, 92.134, -170.9147
560.000000, 92.121, -170.4163
570.000000, 92.106, -169.7890
580.000000, 92.090, -169.1351
590.000000, 92.082, -168.4885
600.000000, 92.077, -167.8675
608.000000, 92.068, -167.3250
615.000000, 92.057, -166.8422
622.000000, 92.048, -166.3690
630.000000, 92.040, -165.8281
640.000000, 92.036, -165.1478
650.000000, 92.036, -164.4653
660.000000, 92.041, -163.7805
670.000000, 92.053, -163.0948
680.000000, 92.070, -162.4012
690.000000, 92.089, -161.6943
700.000000, 92.115, -160.9999
710.000000, 92.144, -160.3334
720.000000, 92.171, -159.6379
730.000000, 92.190, -158.9654
740.000000, 92.207, -158.2673
750.000000, 92.222, -157.5791
762.000000, 92.249, -156.7569
775.000000, 92.285, -155.8794
788.000000, 92.328, -154.9861
800.000000, 92.375, -154.1736
812.000000, 92.429, -153.3815
825.000000, 92.489, -152.4891
838.000000, 92.557, -151.6369
850.000000, 92.626, -150.8360
862.000000, 92.699, -150.0764
875.000000, 92.777, -149.2795
885.000000, 92.834, -148.6054
900.000000, 92.923, -147.6982
912.000000, 92.992, -146.9922
925.000000, 93.062, -146.2276
938.000000, 93.145, -145.5109
950.000000, 93.233, -144.8819
962.000000, 93.327, -144.2845
975.000000, 93.430, -143.6669
988.000000, 93.529, -143.0590
1000.000000, 93.622, -142.5407
1015.000000, 93.740, -141.9489
1030.000000, 93.858, -141.3831
1044.000000, 93.968, -140.9104
1060.000000, 94.093, -140.4092
1075.000000, 94.210, -139.9914
1090.000000, 94.328, -139.6288
1106.000000, 94.453, -139.3008
1120.000000, 94.558, -139.0557
1138.000000, 94.684, -138.7651
1150.000000, 94.766, -138.6067
1172.000000, 94.918, -138.3858
1180.000000, 94.973, -138.3179
1206.000000, 95.145, -138.1322
1220.000000, 95.234, -138.0680
1241.000000, 95.358, -137.9903
1250.000000, 95.408, -137.9651
1265.000000, 95.488, -137.9345
1280.000000, 95.565, -137.9097
1315.000000, 95.738, -137.8624
1320.000000, 95.761, -137.8536
1340.000000, 95.850, -137.8010
1360.000000, 95.931, -137.7165
1380.000000, 96.011, -137.6108
1400.000000, 96.091, -137.4795
1430.000000, 96.216, -137.2444
1450.000000, 96.301, -137.0667
1475.000000, 96.409, -136.8319
1500.000000, 96.516, -136.5820
1525.000000, 96.620, -136.3185
1550.000000, 96.722, -136.0390
1575.000000, 96.826, -135.7365
1600.000000, 96.935, -135.4128
1625.000000, 97.051, -135.0657
1650.000000, 97.179, -134.7097
1675.000000, 97.319, -134.3833
1700.000000, 97.463, -134.1077
1725.000000, 97.610, -133.9196
1750.000000, 97.758, -133.8235
1775.000000, 97.897, -133.7688
1800.000000, 98.027, -133.7383
1825.000000, 98.154, -133.7142
1850.000000, 98.281, -133.6934
1875.000000, 98.408, -133.6698
1900.000000, 98.536, -133.6490
1925.000000, 98.666, -133.6366
1950.000000, 98.797, -133.6312
1975.000000, 98.930, -133.6400
2000.000000, 99.064, -133.6654
2030.000000, 99.227, -133.7145
2060.000000, 99.391, -133.7899
2090.000000, 99.557, -133.8885
2120.000000, 99.725, -134.0121
2140.000000, 99.838, -134.1119
2180.000000, 100.067, -134.3602
2200.000000, 100.183, -134.5151
2240.000000, 100.413, -134.8897
2270.000000, 100.585, -135.2220
2300.000000, 100.754, -135.5930
2330.000000, 100.922, -135.9921
2360.000000, 101.089, -136.4160
2400.000000, 101.311, -137.0361
2430.000000, 101.478, -137.5542
2470.000000, 101.699, -138.3440
2500.000000, 101.861, -139.0184
2540.000000, 102.065, -140.0112
2580.000000, 102.253, -141.0789
2620.000000, 102.423, -142.1708
2650.000000, 102.544, -142.9874
2690.000000, 102.699, -144.0713
2720.000000, 102.812, -144.8897
2760.000000, 102.959, -146.0064
2800.000000, 103.097, -147.1704
2850.000000, 103.244, -148.6838
2900.000000, 103.359, -150.2234
2950.000000, 103.494, -151.8575
3000.000000, 103.622, -153.5490
3040.000000, 103.681, -154.8901
3070.000000, 103.698, -155.8680
3110.000000, 103.690, -157.1078
3150.000000, 103.656, -158.2517
3200.000000, 103.592, -159.5440
3250.000000, 103.505, -160.6702
3300.000000, 103.395, -161.6539
3350.000000, 103.277, -162.5267
3400.000000, 103.166, -163.3069
3450.000000, 103.076, -164.0020
3500.000000, 103.012, -164.5977
3550.000000, 102.969, -165.0934
3600.000000, 102.938, -165.4952
3650.000000, 102.901, -165.8116
3700.000000, 102.845, -166.0620
3750.000000, 102.773, -166.2690
3820.000000, 102.646, -166.5232
3870.000000, 102.553, -166.7036
3950.000000, 102.413, -167.0186
4000.000000, 102.340, -167.2191
4060.000000, 102.286, -167.4609
4120.000000, 102.270, -167.6757
4180.000000, 102.302, -167.8748
4250.000000, 102.381, -168.0967
4310.000000, 102.474, -168.3026
4370.000000, 102.578, -168.5453
4440.000000, 102.700, -168.8957
4500.000000, 102.803, -169.2651
4550.000000, 102.886, -169.6299
4620.000000, 102.990, -170.2302
4680.000000, 103.064, -170.8193
4750.000000, 103.141, -171.5963
4820.000000, 103.199, -172.4592
4870.000000, 103.224, -173.1200
4940.000000, 103.242, -174.1134
5000.000000, 103.237, -175.0158
5080.000000, 103.205, -176.2805
5150.000000, 103.158, -177.4275
5220.000000, 103.091, -178.5846
5300.000000, 102.984, -179.8816
5380.000000, 102.852, 178.8767
5450.000000, 102.717, 177.8614
5520.000000, 102.565, 176.9323
5600.000000, 102.370, 175.9980
5700.000000, 102.088, 175.0572
5800.000000, 101.775, 174.3930
5900.000000, 101.435, 174.0327
6000.000000, 101.095, 173.9764
6080.000000, 100.842, 174.1362
6150.000000, 100.633, 174.4183
6220.000000, 100.439, 174.8189
6300.000000, 100.241, 175.4019
6400.000000, 100.042, 176.2777
6500.000000, 99.895, 177.2869
6600.000000, 99.794, 178.4003
6700.000000, 99.744, 179.5761
6800.000000, 99.734, -179.2243
6900.000000, 99.763, -178.0392
7000.000000, 99.839, -176.9275
7100.000000, 99.969, -175.9413
7200.000000, 100.177, -175.1583
7300.000000, 100.464, -174.6595
7400.000000, 100.821, -174.5531
7500.000000, 101.237, -174.9583
7620.000000, 101.794, -176.3325
7750.000000, 102.373, -179.1810
7880.000000, 102.811, 176.3181
8000.000000, 103.015, 170.7167
8120.000000, 102.947, 164.0698
8250.000000, 102.536, 156.4519
8380.000000, 101.805, 149.3725
8500.000000, 100.901, 144.0272
8620.000000, 99.867, 140.1519
8750.000000, 98.712, 137.6250
8850.000000, 97.840, 136.7521
9000.000000, 96.582, 136.8741
9120.000000, 95.632, 137.9475
9250.000000, 94.674, 139.8402
9380.000000, 93.780, 142.3262
9500.000000, 93.017, 145.0323
9620.000000, 92.324, 148.0597
9750.000000, 91.678, 151.6136
9880.000000, 91.130, 155.3778
10000.000000, 90.685, 159.0233
10150.000000, 90.235, 163.7003
10300.000000, 89.854, 168.4829
10440.000000, 89.573, 173.0076
10600.000000, 89.376, 178.1144
10750.000000, 89.268, -177.2157
10900.000000, 89.245, -172.7483
11060.000000, 89.341, -168.3941
11200.000000, 89.500, -165.1045
11380.000000, 89.762, -161.8598
11500.000000, 89.925, -160.3838
11720.000000, 90.032, -158.5277
11800.000000, 89.986, -157.7253
12060.000000, 89.702, -152.1041
12200.000000, 89.731, -146.6373
12410.000000, 90.424, -136.8692
12500.000000, 91.001, -132.9154
12650.000000, 92.317, -127.6110
12800.000000, 94.006, -124.8440
13150.000000, 98.144, -134.4792
13200.000000, 98.545, -137.9251
13400.000000, 99.171, -154.9185
13600.000000, 98.122, -171.7220
13800.000000, 95.771, 176.8229
14000.000000, 92.980, 171.7239
14300.000000, 89.895, 172.0664
14500.000000, 88.697, 174.8812
14750.000000, 87.854, 179.6458
15000.000000, 87.464, -174.8382
15250.000000, 87.361, -168.9804
15500.000000, 87.362, -163.3582
15750.000000, 87.318, -158.8414
16000.000000, 87.453, -156.3298
16250.000000, 88.063, -157.2278
16500.000000, 88.937, -163.0996
16750.000000, 89.525, -174.0905
17000.000000, 89.214, 172.5006
17250.000000, 87.918, 160.9807
17500.000000, 86.038, 154.2290
17750.000000, 84.019, 152.4690
18000.000000, 82.166, 154.4095
18250.000000, 80.614, 158.6431
18500.000000, 79.357, 164.2074
18750.000000, 78.342, 170.5912
19000.000000, 77.509, 177.4870
19250.000000, 76.786, -175.2346
19500.000000, 76.144, -167.6444
19750.000000, 75.602, -159.8066
20000.000000, 75.231, -151.9341
20300.000000, 75.028, -143.0997
20600.000000, 75.008, -135.9916
20900.000000, 75.096, -131.6360
21200.000000, 75.078, -130.3424
21400.000000, 74.857, -130.8085
21800.000000, 73.684, -133.1952
22000.000000, 72.710, -134.2999
22400.000000, 70.088, -134.9086
22700.000000, 67.640, -133.6163
23000.000000, 64.969, -130.7851
23300.000000, 61.891, -126.3084
23600.000000, 57.804, -119.2622
24000.000000, 51.730, -105.1759
