* Measurement data measured by REW V5.31.3
* Source: USB-C to 3.5mm Headphone Jack Adapter, USB-C to 3.5mm Headphone Jack Adapter, 0, volume: 0.264
* Format: 256k Log Swept Sine, 1 sweep at -12.0 dBFS with no timing reference
* Dated: Apr 15, 2025 6:20:36 AM
* REW Settings:
*  C-weighting compensation: Off
*  Target level: 75.0 dB
* Note: ; 
* Measurement: SN434 Foam R
* Smoothing: 1/24 octave
* Frequency Step: 1/48 octave
* Start Frequency: 1.000 Hz
*
* Freq(Hz), SPL(dB), Phase(degrees)
1.000000, 76.303, -145.2046
1.015000, 76.518, -147.0482
1.030000, 76.731, -148.8384
1.044000, 76.928, -150.4655
1.060000, 77.149, -152.2785
1.075000, 77.352, -153.9383
1.090000, 77.549, -155.5649
1.106000, 77.756, -157.2713
1.120000, 77.937, -158.7465
1.138000, 78.173, -160.6203
1.150000, 78.331, -161.8536
1.172000, 78.624, -164.0775
1.180000, 78.732, -164.8732
1.206000, 79.082, -167.4088
1.220000, 79.272, -168.7403
1.241000, 79.557, -170.6913
1.250000, 79.680, -171.5102
1.265000, 79.883, -172.8516
1.280000, 80.086, -174.1637
1.315000, 80.557, -177.1119
1.320000, 80.624, -177.5203
1.340000, 80.888, -179.1222
1.360000, 81.150, 179.3251
1.380000, 81.407, 177.8201
1.400000, 81.659, 176.3610
1.430000, 82.028, 174.2540
1.450000, 82.265, 172.9001
1.475000, 82.554, 171.2567
1.500000, 82.834, 169.6541
1.525000, 83.109, 168.0865
1.550000, 83.377, 166.5538
1.575000, 83.640, 165.0555
1.600000, 83.898, 163.5909
1.625000, 84.150, 162.1586
1.650000, 84.397, 160.7571
1.675000, 84.639, 159.3844
1.700000, 84.876, 158.0385
1.725000, 85.108, 156.7171
1.750000, 85.337, 155.4178
1.775000, 85.561, 154.1381
1.800000, 85.781, 152.8754
1.825000, 85.997, 151.6257
1.850000, 86.209, 150.3822
1.875000, 86.415, 149.1389
1.900000, 86.617, 147.8973
1.925000, 86.814, 146.6609
1.950000, 87.005, 145.4332
1.975000, 87.193, 144.2172
2.000000, 87.376, 143.0154
2.030000, 87.590, 141.5946
2.060000, 87.799, 140.1998
2.090000, 88.003, 138.8327
2.120000, 88.202, 137.4944
2.140000, 88.332, 136.6185
2.180000, 88.587, 134.9044
2.200000, 88.711, 134.0625
2.240000, 88.954, 132.3877
2.270000, 89.130, 131.1324
2.300000, 89.300, 129.8807
2.330000, 89.465, 128.6369
2.360000, 89.625, 127.4049
2.400000, 89.832, 125.7867
2.430000, 89.982, 124.5950
2.470000, 90.176, 123.0403
2.500000, 90.318, 121.9022
2.540000, 90.501, 120.4240
2.580000, 90.679, 118.9816
2.620000, 90.849, 117.5505
2.650000, 90.972, 116.4795
2.690000, 91.130, 115.0587
2.720000, 91.244, 114.0023
2.760000, 91.390, 112.6117
2.800000, 91.531, 111.2475
2.850000, 91.699, 109.5883
2.900000, 91.861, 107.9886
2.950000, 92.016, 106.4431
3.000000, 92.162, 104.9215
3.040000, 92.272, 103.7142
3.070000, 92.352, 102.8170
3.110000, 92.453, 101.6358
3.150000, 92.551, 100.4765
3.200000, 92.668, 99.0660
3.250000, 92.780, 97.7071
3.300000, 92.887, 96.4034
3.350000, 92.989, 95.1409
3.400000, 93.085, 93.9053
3.450000, 93.175, 92.6960
3.500000, 93.261, 91.5163
3.550000, 93.343, 90.3706
3.600000, 93.422, 89.2635
3.650000, 93.499, 88.1987
3.700000, 93.574, 87.1739
3.750000, 93.645, 86.1819
3.820000, 93.740, 84.8411
3.870000, 93.805, 83.9163
3.950000, 93.906, 82.4931
4.000000, 93.968, 81.6397
4.060000, 94.043, 80.6539
4.120000, 94.116, 79.7093
4.180000, 94.188, 78.8010
4.250000, 94.271, 77.7787
4.310000, 94.341, 76.9281
4.370000, 94.412, 76.0966
4.440000, 94.496, 75.1512
4.500000, 94.568, 74.3658
4.550000, 94.628, 73.7271
4.620000, 94.712, 72.8508
4.680000, 94.783, 72.1107
4.750000, 94.867, 71.2539
4.820000, 94.950, 70.4039
4.870000, 95.009, 69.8030
4.940000, 95.092, 68.9700
5.000000, 95.162, 68.2619
5.080000, 95.253, 67.3228
5.150000, 95.331, 66.5023
5.220000, 95.407, 65.6814
5.300000, 95.491, 64.7453
5.380000, 95.572, 63.8155
5.450000, 95.640, 63.0098
5.520000, 95.704, 62.2110
5.600000, 95.774, 61.3016
5.700000, 95.856, 60.1736
5.800000, 95.931, 59.0688
5.900000, 95.999, 57.9947
6.000000, 96.061, 56.9440
6.080000, 96.106, 56.1216
6.150000, 96.143, 55.4200
6.220000, 96.177, 54.7386
6.300000, 96.214, 53.9835
6.400000, 96.255, 53.0703
6.500000, 96.292, 52.1929
6.600000, 96.327, 51.3546
6.700000, 96.360, 50.5557
6.800000, 96.390, 49.7929
6.900000, 96.418, 49.0630
7.000000, 96.446, 48.3648
7.100000, 96.474, 47.6982
7.200000, 96.500, 47.0603
7.300000, 96.526, 46.4467
7.400000, 96.552, 45.8559
7.500000, 96.578, 45.2879
7.620000, 96.609, 44.6331
7.750000, 96.642, 43.9524
7.880000, 96.676, 43.3011
8.000000, 96.707, 42.7232
8.120000, 96.738, 42.1657
8.250000, 96.773, 41.5842
8.380000, 96.809, 41.0201
8.500000, 96.844, 40.5113
8.620000, 96.880, 40.0129
8.750000, 96.922, 39.4743
8.850000, 96.955, 39.0560
9.000000, 97.007, 38.4206
9.120000, 97.050, 37.8949
9.250000, 97.096, 37.2990
9.380000, 97.142, 36.6755
9.500000, 97.182, 36.0724
9.620000, 97.219, 35.4382
9.750000, 97.253, 34.7206
9.880000, 97.280, 33.9813
10.000000, 97.296, 33.2816
10.150000, 97.305, 32.3964
10.300000, 97.299, 31.5322
10.440000, 97.279, 30.7545
10.600000, 97.243, 29.9350
10.750000, 97.197, 29.2656
10.900000, 97.143, 28.7028
11.060000, 97.084, 28.2468
11.200000, 97.035, 27.9740
11.380000, 96.988, 27.7708
11.500000, 96.970, 27.7191
11.720000, 96.974, 27.7092
11.800000, 96.989, 27.7070
12.060000, 97.086, 27.5994
12.200000, 97.163, 27.3975
12.410000, 97.298, 26.8501
12.500000, 97.357, 26.5092
12.650000, 97.453, 25.7999
12.800000, 97.536, 24.9393
13.150000, 97.647, 22.4872
13.200000, 97.651, 22.1139
13.400000, 97.634, 20.6210
13.600000, 97.568, 19.2443
13.800000, 97.462, 18.0952
14.000000, 97.332, 17.2700
14.300000, 97.139, 16.7241
14.500000, 97.046, 16.7854
14.750000, 97.004, 17.1425
15.000000, 97.053, 17.5431
15.250000, 97.179, 17.6838
15.500000, 97.345, 17.3953
15.750000, 97.510, 16.6536
16.000000, 97.640, 15.5552
16.250000, 97.717, 14.2797
16.500000, 97.740, 13.0012
16.750000, 97.720, 11.8759
17.000000, 97.676, 10.9876
17.250000, 97.631, 10.3435
17.500000, 97.600, 9.8860
17.750000, 97.592, 9.5123
18.000000, 97.601, 9.1302
18.250000, 97.618, 8.6808
18.500000, 97.630, 8.1598
18.750000, 97.630, 7.6060
19.000000, 97.614, 7.0743
19.250000, 97.589, 6.6152
19.500000, 97.564, 6.2425
19.750000, 97.545, 5.9352
20.000000, 97.539, 5.6407
20.299999, 97.544, 5.2224
20.600000, 97.550, 4.6781
20.900000, 97.538, 4.0239
21.200001, 97.497, 3.3528
21.400000, 97.455, 2.9603
21.799999, 97.352, 2.4413
22.000000, 97.306, 2.3334
22.400000, 97.260, 2.3139
22.700001, 97.275, 2.2822
23.000000, 97.323, 2.0566
23.299999, 97.380, 1.5538
23.600000, 97.418, 0.7994
24.000000, 97.411, -0.3870
24.299999, 97.360, -1.2119
24.700001, 97.259, -1.9974
25.000000, 97.186, -2.3108
25.400000, 97.127, -2.4813
25.799999, 97.120, -2.6123
26.200001, 97.144, -2.9056
26.500000, 97.163, -3.2555
26.900000, 97.174, -3.8192
27.200001, 97.170, -4.2433
27.600000, 97.156, -4.7421
28.000000, 97.146, -5.1650
28.500000, 97.148, -5.6900
29.000000, 97.157, -6.3440
29.500000, 97.148, -7.1501
30.000000, 97.101, -7.9789
30.400000, 97.041, -8.5381
30.700001, 96.992, -8.8602
31.100000, 96.931, -9.1746
31.500000, 96.885, -9.4233
32.000000, 96.846, -9.7581
32.500000, 96.808, -10.1580
33.000000, 96.765, -10.5589
33.500000, 96.722, -10.9059
34.000000, 96.692, -11.2352
34.500000, 96.670, -11.6159
35.000000, 96.645, -12.0610
35.500000, 96.614, -12.5303
36.000000, 96.578, -12.9939
36.500000, 96.539, -13.4542
37.000000, 96.497, -13.9130
37.500000, 96.452, -14.3566
38.200001, 96.387, -14.9458
38.700001, 96.341, -15.3649
39.500000, 96.260, -16.0067
40.000000, 96.206, -16.3260
40.599998, 96.156, -16.6162
41.200001, 96.131, -16.9280
41.799999, 96.115, -17.4059
42.500000, 96.067, -18.1260
43.099998, 95.990, -18.6276
43.700001, 95.910, -18.8709
44.400002, 95.858, -19.0224
45.000000, 95.833, -19.3022
45.500000, 95.802, -19.6473
46.200001, 95.733, -20.0995
46.799999, 95.673, -20.3848
47.500000, 95.614, -20.7181
48.200001, 95.554, -21.1085
48.700001, 95.507, -21.3729
49.400002, 95.446, -21.7028
50.000000, 95.402, -21.9993
50.799999, 95.343, -22.4539
51.500000, 95.283, -22.8527
52.200001, 95.218, -23.1960
53.000000, 95.145, -23.5149
53.799999, 95.077, -23.8048
54.500000, 95.015, -24.0471
55.200001, 94.954, -24.2536
56.000000, 94.890, -24.4767
57.000000, 94.813, -24.8165
58.000000, 94.731, -25.1799
59.000000, 94.646, -25.5681
60.000000, 94.550, -25.9341
60.799999, 94.473, -26.1680
61.500000, 94.406, -26.3469
62.200001, 94.341, -26.5016
63.000000, 94.272, -26.6647
64.000000, 94.190, -26.9155
65.000000, 94.102, -27.1925
66.000000, 94.011, -27.4552
67.000000, 93.917, -27.6919
68.000000, 93.825, -27.8757
69.000000, 93.741, -28.0459
70.000000, 93.657, -28.2220
71.000000, 93.573, -28.3798
72.000000, 93.488, -28.5215
73.000000, 93.401, -28.6578
74.000000, 93.312, -28.7382
75.000000, 93.233, -28.8066
76.199997, 93.137, -28.9868
77.500000, 93.021, -29.1505
78.800003, 92.905, -29.2918
80.000000, 92.795, -29.3667
81.199997, 92.693, -29.3947
82.500000, 92.590, -29.4279
83.800003, 92.488, -29.4914
85.000000, 92.390, -29.5287
86.199997, 92.292, -29.5370
87.500000, 92.187, -29.5177
88.500000, 92.108, -29.4899
90.000000, 91.995, -29.4579
91.199997, 91.903, -29.4567
92.500000, 91.799, -29.4331
93.800003, 91.696, -29.3352
95.000000, 91.608, -29.1933
96.199997, 91.526, -29.0566
97.500000, 91.433, -28.9302
98.800003, 91.333, -28.7347
100.000000, 91.247, -28.4944
101.500000, 91.145, -28.2914
103.000000, 91.034, -28.1041
104.400002, 90.935, -27.9059
106.000000, 90.831, -27.7118
107.500000, 90.732, -27.5408
109.000000, 90.632, -27.2922
110.599998, 90.531, -26.9880
112.000000, 90.445, -26.6918
113.800003, 90.342, -26.3535
115.000000, 90.271, -26.1517
117.199997, 90.145, -25.6981
118.000000, 90.103, -25.5214
120.599998, 89.962, -24.8813
122.000000, 89.887, -24.5024
124.099998, 89.778, -23.9469
125.000000, 89.734, -23.7081
126.500000, 89.665, -23.3214
128.000000, 89.600, -22.9399
131.500000, 89.446, -22.0724
132.000000, 89.423, -21.9393
134.000000, 89.337, -21.3834
136.000000, 89.262, -20.8308
138.000000, 89.192, -20.2714
140.000000, 89.121, -19.6911
143.000000, 89.017, -18.8264
145.000000, 88.955, -18.3126
147.500000, 88.885, -17.6620
150.000000, 88.822, -16.9413
152.500000, 88.757, -16.1766
155.000000, 88.697, -15.4227
157.500000, 88.644, -14.6882
160.000000, 88.599, -13.9677
162.500000, 88.560, -13.2758
165.000000, 88.520, -12.6139
167.500000, 88.484, -11.9261
170.000000, 88.457, -11.2377
172.500000, 88.432, -10.5950
175.000000, 88.409, -9.9729
177.500000, 88.388, -9.3649
180.000000, 88.369, -8.7567
182.500000, 88.355, -8.1544
185.000000, 88.347, -7.5654
187.500000, 88.339, -7.0028
190.000000, 88.328, -6.4438
192.500000, 88.320, -5.8846
195.000000, 88.320, -5.3635
197.500000, 88.324, -4.8543
200.000000, 88.327, -4.3544
203.000000, 88.327, -3.7765
206.000000, 88.326, -3.2252
209.000000, 88.330, -2.6764
212.000000, 88.336, -2.1562
214.000000, 88.341, -1.8230
218.000000, 88.350, -1.1512
220.000000, 88.353, -0.8120
224.000000, 88.361, -0.1587
227.000000, 88.369, 0.2964
230.000000, 88.379, 0.7414
233.000000, 88.390, 1.1732
236.000000, 88.403, 1.5859
240.000000, 88.423, 2.1310
243.000000, 88.437, 2.5463
247.000000, 88.456, 3.0668
250.000000, 88.469, 3.4227
254.000000, 88.488, 3.8615
258.000000, 88.507, 4.2961
262.000000, 88.526, 4.7075
265.000000, 88.540, 4.9933
269.000000, 88.559, 5.3931
272.000000, 88.573, 5.6876
276.000000, 88.590, 6.0255
280.000000, 88.604, 6.3663
285.000000, 88.620, 6.7945
290.000000, 88.635, 7.1995
295.000000, 88.648, 7.6141
300.000000, 88.661, 7.9890
304.000000, 88.670, 8.2826
307.000000, 88.679, 8.5042
311.000000, 88.689, 8.7901
315.000000, 88.698, 9.0733
320.000000, 88.709, 9.4131
325.000000, 88.719, 9.7471
330.000000, 88.727, 10.0710
335.000000, 88.736, 10.3999
340.000000, 88.744, 10.7224
345.000000, 88.751, 11.0114
350.000000, 88.755, 11.2919
355.000000, 88.758, 11.5751
360.000000, 88.761, 11.8652
365.000000, 88.762, 12.1669
370.000000, 88.761, 12.4592
375.000000, 88.760, 12.7395
382.000000, 88.758, 13.1317
387.000000, 88.756, 13.4026
395.000000, 88.751, 13.8354
400.000000, 88.748, 14.1270
406.000000, 88.744, 14.4659
412.000000, 88.738, 14.7896
418.000000, 88.731, 15.1168
425.000000, 88.723, 15.5033
431.000000, 88.715, 15.8365
437.000000, 88.705, 16.1675
444.000000, 88.692, 16.5500
450.000000, 88.683, 16.8820
455.000000, 88.675, 17.1655
462.000000, 88.661, 17.5614
468.000000, 88.650, 17.8843
475.000000, 88.637, 18.2556
482.000000, 88.624, 18.6473
487.000000, 88.614, 18.9354
494.000000, 88.598, 19.3428
500.000000, 88.583, 19.6816
508.000000, 88.562, 20.1232
515.000000, 88.544, 20.5205
522.000000, 88.527, 20.9230
530.000000, 88.505, 21.3765
538.000000, 88.482, 21.8343
545.000000, 88.462, 22.2398
552.000000, 88.441, 22.6509
560.000000, 88.416, 23.1390
570.000000, 88.384, 23.7535
580.000000, 88.351, 24.3904
590.000000, 88.318, 25.0398
600.000000, 88.285, 25.6842
608.000000, 88.258, 26.2067
615.000000, 88.234, 26.6671
622.000000, 88.211, 27.1309
630.000000, 88.186, 27.6670
640.000000, 88.155, 28.3522
650.000000, 88.122, 29.0526
660.000000, 88.088, 29.7721
670.000000, 88.055, 30.5124
680.000000, 88.024, 31.2519
690.000000, 87.995, 31.9927
700.000000, 87.966, 32.7544
710.000000, 87.936, 33.5229
720.000000, 87.908, 34.2935
730.000000, 87.880, 35.0862
740.000000, 87.854, 35.9005
750.000000, 87.832, 36.7199
762.000000, 87.806, 37.7167
775.000000, 87.780, 38.8022
788.000000, 87.756, 39.8989
800.000000, 87.735, 40.9309
812.000000, 87.719, 41.9786
825.000000, 87.706, 43.1219
838.000000, 87.697, 44.2706
850.000000, 87.689, 45.3419
862.000000, 87.687, 46.4190
875.000000, 87.689, 47.5945
885.000000, 87.692, 48.5025
900.000000, 87.702, 49.8651
912.000000, 87.716, 50.9386
925.000000, 87.736, 52.1029
938.000000, 87.760, 53.2808
950.000000, 87.787, 54.3426
962.000000, 87.818, 55.3893
975.000000, 87.854, 56.5168
988.000000, 87.894, 57.6238
1000.000000, 87.934, 58.6241
1015.000000, 87.987, 59.8501
1030.000000, 88.045, 61.0443
1044.000000, 88.102, 62.1292
1060.000000, 88.170, 63.3173
1075.000000, 88.235, 64.3877
1090.000000, 88.302, 65.4290
1106.000000, 88.372, 66.4959
1120.000000, 88.432, 67.4030
1138.000000, 88.508, 68.5350
1150.000000, 88.559, 69.2602
1172.000000, 88.650, 70.5448
1180.000000, 88.681, 70.9993
1206.000000, 88.778, 72.4301
1220.000000, 88.825, 73.1838
1241.000000, 88.894, 74.3146
1250.000000, 88.921, 74.7953
1265.000000, 88.965, 75.5846
1280.000000, 89.005, 76.3659
1315.000000, 89.091, 78.2009
1320.000000, 89.103, 78.4636
1340.000000, 89.147, 79.5160
1360.000000, 89.188, 80.5745
1380.000000, 89.226, 81.6490
1400.000000, 89.265, 82.7427
1430.000000, 89.321, 84.3958
1450.000000, 89.357, 85.5179
1475.000000, 89.401, 86.9465
1500.000000, 89.447, 88.3988
1525.000000, 89.495, 89.8683
1550.000000, 89.545, 91.3575
1575.000000, 89.599, 92.8685
1600.000000, 89.656, 94.3963
1625.000000, 89.718, 95.9318
1650.000000, 89.783, 97.4763
1675.000000, 89.853, 99.0270
1700.000000, 89.927, 100.5793
1725.000000, 90.007, 102.1346
1750.000000, 90.092, 103.6847
1775.000000, 90.182, 105.2313
1800.000000, 90.277, 106.7708
1825.000000, 90.378, 108.2991
1850.000000, 90.485, 109.8128
1875.000000, 90.596, 111.3135
1900.000000, 90.714, 112.7932
1925.000000, 90.836, 114.2542
1950.000000, 90.964, 115.7007
1975.000000, 91.098, 117.1168
2000.000000, 91.239, 118.4961
2030.000000, 91.415, 120.1121
2060.000000, 91.599, 121.6768
2090.000000, 91.791, 123.1846
2120.000000, 91.990, 124.6255
2140.000000, 92.127, 125.5441
2180.000000, 92.409, 127.2770
2200.000000, 92.554, 128.0901
2240.000000, 92.852, 129.5941
2270.000000, 93.081, 130.6122
2300.000000, 93.314, 131.5283
2330.000000, 93.549, 132.3293
2360.000000, 93.785, 133.0126
2400.000000, 94.099, 133.7349
2430.000000, 94.331, 134.1277
2470.000000, 94.632, 134.4497
2500.000000, 94.850, 134.5396
2540.000000, 95.123, 134.4468
2580.000000, 95.371, 134.1277
2620.000000, 95.589, 133.6014
2650.000000, 95.729, 133.0860
2690.000000, 95.881, 132.2666
2720.000000, 95.966, 131.5811
2760.000000, 96.039, 130.6123
2800.000000, 96.066, 129.6232
2850.000000, 96.037, 128.4456
2900.000000, 95.943, 127.4200
2950.000000, 95.794, 126.6186
3000.000000, 95.600, 126.0927
3040.000000, 95.421, 125.8909
3070.000000, 95.277, 125.8685
3110.000000, 95.075, 126.0126
3150.000000, 94.868, 126.3551
3200.000000, 94.606, 127.0545
3250.000000, 94.351, 128.0266
3300.000000, 94.107, 129.2340
3350.000000, 93.877, 130.6466
3400.000000, 93.666, 132.2348
3450.000000, 93.477, 133.9672
3500.000000, 93.310, 135.8156
3550.000000, 93.168, 137.7435
3600.000000, 93.052, 139.7201
3650.000000, 92.962, 141.7122
3700.000000, 92.898, 143.6901
3750.000000, 92.860, 145.6244
3820.000000, 92.845, 148.1955
3870.000000, 92.860, 149.8921
3950.000000, 92.920, 152.2837
4000.000000, 92.972, 153.5279
4060.000000, 93.039, 154.7167
4120.000000, 93.100, 155.5428
4180.000000, 93.135, 155.9975
4250.000000, 93.116, 156.1175
4310.000000, 93.028, 156.0093
4370.000000, 92.862, 155.8799
4440.000000, 92.566, 155.9761
4500.000000, 92.245, 156.5782
4550.000000, 91.960, 157.5765
4620.000000, 91.591, 159.6857
4680.000000, 91.343, 161.9483
4750.000000, 91.153, 164.7443
4820.000000, 91.055, 167.3503
4870.000000, 91.021, 168.9621
4940.000000, 90.995, 170.8076
5000.000000, 90.969, 172.0396
5080.000000, 90.900, 173.3193
5150.000000, 90.796, 174.2432
5220.000000, 90.653, 175.1121
5300.000000, 90.442, 176.1902
5380.000000, 90.196, 177.5105
5450.000000, 89.971, 178.9332
5520.000000, 89.755, -179.4131
5600.000000, 89.536, -177.3047
5700.000000, 89.316, -174.4383
5800.000000, 89.166, -171.4202
5900.000000, 89.096, -168.3813
6000.000000, 89.107, -165.4344
6080.000000, 89.175, -163.1814
6150.000000, 89.278, -161.3093
6220.000000, 89.431, -159.5615
6300.000000, 89.668, -157.7924
6400.000000, 90.056, -156.0582
6500.000000, 90.545, -155.0310
6600.000000, 91.122, -154.9407
6700.000000, 91.760, -156.0340
6800.000000, 92.407, -158.5247
6900.000000, 92.990, -162.4912
7000.000000, 93.420, -167.7600
7100.000000, 93.626, -173.8558
7200.000000, 93.580, 179.8974
7300.000000, 93.308, 174.1338
7400.000000, 92.866, 169.3099
7500.000000, 92.327, 165.6886
7620.000000, 91.658, 162.9252
7750.000000, 91.004, 161.5222
7880.000000, 90.480, 161.2512
8000.000000, 90.126, 161.5941
8120.000000, 89.889, 162.1665
8250.000000, 89.744, 162.7161
8380.000000, 89.675, 162.9181
8500.000000, 89.636, 162.6476
8620.000000, 89.578, 161.9247
8750.000000, 89.442, 160.7217
8850.000000, 89.257, 159.6395
9000.000000, 88.826, 158.1766
9120.000000, 88.354, 157.4853
9250.000000, 87.744, 157.4930
9380.000000, 87.070, 158.4427
9500.000000, 86.429, 160.1888
9620.000000, 85.798, 162.7255
9750.000000, 85.151, 166.2786
9880.000000, 84.562, 170.5537
10000.000000, 84.085, 175.0189
10150.000000, 83.587, -178.8623
10300.000000, 83.206, -172.2696
10440.000000, 82.966, -165.7997
10600.000000, 82.847, -158.1945
10750.000000, 82.890, -151.1306
10900.000000, 83.074, -144.3844
11060.000000, 83.401, -137.5457
11200.000000, 83.829, -131.7301
11380.000000, 84.651, -125.2617
11500.000000, 85.314, -122.2821
11720.000000, 86.563, -119.7102
11800.000000, 86.998, -119.5910
12060.000000, 88.228, -121.9401
12200.000000, 88.701, -124.6890
12410.000000, 89.060, -129.8490
12500.000000, 89.080, -132.0970
12650.000000, 88.962, -135.4448
12800.000000, 88.712, -137.9904
13150.000000, 88.026, -140.5717
13200.000000, 87.945, -140.6548
13400.000000, 87.702, -140.6013
13600.000000, 87.610, -140.2333
13800.000000, 87.700, -139.9034
14000.000000, 88.007, -140.0850
14300.000000, 88.948, -142.8279
14500.000000, 89.880, -147.7593
14750.000000, 91.134, -159.4861
15000.000000, 91.880, -177.9571
15250.000000, 91.492, 159.9225
15500.000000, 89.954, 139.3417
15750.000000, 87.843, 123.1417
16000.000000, 85.769, 110.6475
16250.000000, 84.038, 99.8775
16500.000000, 82.726, 89.1016
16750.000000, 81.813, 77.0524
17000.000000, 81.241, 62.7276
17250.000000, 80.940, 45.3496
17500.000000, 80.859, 24.2035
17750.000000, 80.913, -1.7566
18000.000000, 80.801, -33.4365
18250.000000, 80.095, -70.2872
18500.000000, 78.581, -110.6592
18750.000000, 76.356, -153.4922
19000.000000, 73.647, 160.8305
19250.000000, 70.595, 110.9283
19500.000000, 67.170, 55.2447
19750.000000, 63.324, -8.8223
20000.000000, 59.980, -76.9503
