* Measurement data measured by REW V5.31.3
* Source: USB-C to 3.5mm Headphone Jack Adapter, USB-C to 3.5mm Headphone Jack Adapter, 0, volume: 0.264
* Format: 256k Log Swept Sine, 1 sweep at -12.0 dBFS with no timing reference
* Dated: Feb 24, 2025 12:40:23 PM
* REW Settings:
*  C-weighting compensation: Off
*  Target level: 75.0 dB
* Note: ; 
* Measurement: EPZ P50 R
* Smoothing: 1/24 octave
* Frequency Step: 1/48 octave
* Start Frequency: 1.000 Hz
*
* Freq(Hz), SPL(dB), Phase(degrees)
1.000000, 35.412, 12.9483
1.015000, 35.672, 12.3587
1.030000, 35.929, 11.7686
1.044000, 36.167, 11.2163
1.060000, 36.437, 10.5821
1.075000, 36.689, 9.9838
1.090000, 36.940, 9.3817
1.106000, 37.206, 8.7386
1.120000, 37.435, 8.1825
1.138000, 37.725, 7.4811
1.150000, 37.916, 7.0220
1.172000, 38.258, 6.1970
1.180000, 38.381, 5.9020
1.206000, 38.772, 4.9598
1.220000, 38.978, 4.4622
1.241000, 39.283, 3.7271
1.250000, 39.412, 3.4158
1.265000, 39.624, 2.9016
1.280000, 39.834, 2.3927
1.315000, 40.313, 1.2223
1.320000, 40.380, 1.0568
1.340000, 40.647, 0.3982
1.360000, 40.911, -0.2557
1.380000, 41.171, -0.9060
1.400000, 41.429, -1.5536
1.430000, 41.810, -2.5224
1.450000, 42.062, -3.1671
1.475000, 42.373, -3.9685
1.500000, 42.679, -4.7539
1.525000, 42.977, -5.5201
1.550000, 43.270, -6.2696
1.575000, 43.556, -7.0057
1.600000, 43.837, -7.7315
1.625000, 44.113, -8.4496
1.650000, 44.383, -9.1627
1.675000, 44.649, -9.8733
1.700000, 44.910, -10.5836
1.725000, 45.167, -11.2956
1.750000, 45.420, -12.0114
1.775000, 45.670, -12.7326
1.800000, 45.917, -13.4609
1.825000, 46.161, -14.1968
1.850000, 46.401, -14.9376
1.875000, 46.637, -15.6779
1.900000, 46.868, -16.4153
1.925000, 47.095, -17.1490
1.950000, 47.318, -17.8785
1.975000, 47.537, -18.6037
2.000000, 47.752, -19.3246
2.030000, 48.005, -20.1841
2.060000, 48.253, -21.0381
2.090000, 48.496, -21.8872
2.120000, 48.736, -22.7323
2.140000, 48.893, -23.2941
2.180000, 49.203, -24.4151
2.200000, 49.355, -24.9753
2.240000, 49.654, -26.0961
2.270000, 49.872, -26.9361
2.300000, 50.085, -27.7737
2.330000, 50.294, -28.6074
2.360000, 50.498, -29.4360
2.400000, 50.764, -30.5314
2.430000, 50.960, -31.3452
2.470000, 51.214, -32.4192
2.500000, 51.401, -33.2165
2.540000, 51.646, -34.2691
2.580000, 51.884, -35.3137
2.620000, 52.117, -36.3574
2.650000, 52.286, -37.1400
2.690000, 52.506, -38.1801
2.720000, 52.668, -38.9556
2.760000, 52.877, -39.9806
2.800000, 53.081, -40.9929
2.850000, 53.330, -42.2369
2.900000, 53.571, -43.4549
2.950000, 53.804, -44.6515
3.000000, 54.030, -45.8415
3.040000, 54.204, -46.7903
3.070000, 54.332, -47.4979
3.110000, 54.497, -48.4331
3.150000, 54.658, -49.3558
3.200000, 54.854, -50.4870
3.250000, 55.044, -51.5894
3.300000, 55.229, -52.6625
3.350000, 55.408, -53.7171
3.400000, 55.580, -54.7611
3.450000, 55.746, -55.7923
3.500000, 55.906, -56.8057
3.550000, 56.062, -57.7970
3.600000, 56.214, -58.7617
3.650000, 56.361, -59.6979
3.700000, 56.505, -60.6098
3.750000, 56.644, -61.5052
3.820000, 56.832, -62.7328
3.870000, 56.961, -63.5882
3.950000, 57.161, -64.9127
4.000000, 57.283, -65.7095
4.060000, 57.427, -66.6346
4.120000, 57.566, -67.5320
4.180000, 57.701, -68.4051
4.250000, 57.855, -69.3938
4.310000, 57.984, -70.2152
4.370000, 58.112, -71.0122
4.440000, 58.258, -71.9110
4.500000, 58.382, -72.6569
4.550000, 58.483, -73.2630
4.620000, 58.623, -74.0909
4.680000, 58.741, -74.7836
4.750000, 58.878, -75.5741
4.820000, 59.014, -76.3451
4.870000, 59.110, -76.8834
4.940000, 59.243, -77.6223
5.000000, 59.357, -78.2449
5.080000, 59.506, -79.0640
5.150000, 59.636, -79.7727
5.220000, 59.764, -80.4728
5.300000, 59.910, -81.2624
5.380000, 60.053, -82.0436
5.450000, 60.177, -82.7232
5.520000, 60.299, -83.4008
5.600000, 60.436, -84.1726
5.700000, 60.604, -85.1320
5.800000, 60.769, -86.0846
5.900000, 60.928, -87.0318
6.000000, 61.082, -87.9762
6.080000, 61.203, -88.7276
6.150000, 61.305, -89.3795
6.220000, 61.405, -90.0253
6.300000, 61.517, -90.7574
6.400000, 61.651, -91.6652
6.500000, 61.781, -92.5598
6.600000, 61.906, -93.4357
6.700000, 62.026, -94.2948
6.800000, 62.142, -95.1385
6.900000, 62.254, -95.9629
7.000000, 62.363, -96.7654
7.100000, 62.469, -97.5481
7.200000, 62.571, -98.3121
7.300000, 62.672, -99.0566
7.400000, 62.770, -99.7812
7.500000, 62.866, -100.4875
7.620000, 62.980, -101.3140
7.750000, 63.101, -102.1861
7.880000, 63.220, -103.0353
8.000000, 63.328, -103.8036
8.120000, 63.436, -104.5606
8.250000, 63.551, -105.3688
8.380000, 63.664, -106.1684
8.500000, 63.767, -106.9018
8.620000, 63.868, -107.6311
8.750000, 63.975, -108.4171
8.850000, 64.056, -109.0198
9.000000, 64.174, -109.9209
9.120000, 64.265, -110.6374
9.250000, 64.361, -111.4088
9.380000, 64.454, -112.1748
9.500000, 64.537, -112.8747
9.620000, 64.617, -113.5667
9.750000, 64.701, -114.3077
9.880000, 64.782, -115.0377
10.000000, 64.854, -115.7012
10.150000, 64.942, -116.5173
10.300000, 65.027, -117.3185
10.440000, 65.104, -118.0534
10.600000, 65.189, -118.8803
10.750000, 65.267, -119.6443
10.900000, 65.343, -120.3989
11.060000, 65.421, -121.1952
11.200000, 65.487, -121.8855
11.380000, 65.569, -122.7633
11.500000, 65.621, -123.3426
11.720000, 65.711, -124.3882
11.800000, 65.742, -124.7620
12.060000, 65.837, -125.9487
12.200000, 65.884, -126.5653
12.410000, 65.952, -127.4582
12.500000, 65.980, -127.8278
12.650000, 66.026, -128.4266
12.800000, 66.072, -129.0053
13.150000, 66.179, -130.2888
13.200000, 66.195, -130.4668
13.400000, 66.260, -131.1709
13.600000, 66.327, -131.8726
13.800000, 66.395, -132.5818
14.000000, 66.464, -133.3073
14.300000, 66.564, -134.4340
14.500000, 66.626, -135.2101
14.750000, 66.696, -136.1976
15.000000, 66.756, -137.1887
15.250000, 66.805, -138.1616
15.500000, 66.845, -139.0968
15.750000, 66.878, -139.9800
16.000000, 66.908, -140.8036
16.250000, 66.937, -141.5701
16.500000, 66.968, -142.2893
16.750000, 67.004, -142.9764
17.000000, 67.043, -143.6493
17.250000, 67.086, -144.3235
17.500000, 67.132, -145.0102
17.750000, 67.177, -145.7147
18.000000, 67.221, -146.4359
18.250000, 67.261, -147.1687
18.500000, 67.298, -147.9056
18.750000, 67.331, -148.6396
19.000000, 67.360, -149.3652
19.250000, 67.387, -150.0789
19.500000, 67.410, -150.7794
19.750000, 67.431, -151.4650
20.000000, 67.448, -152.1335
20.299999, 67.466, -152.9078
20.600000, 67.481, -153.6442
20.900000, 67.495, -154.3379
21.200001, 67.510, -154.9912
21.400000, 67.521, -155.4100
21.799999, 67.550, -156.2323
22.000000, 67.567, -156.6475
22.400000, 67.601, -157.5049
22.700001, 67.622, -158.1698
23.000000, 67.638, -158.8383
23.299999, 67.649, -159.4902
23.600000, 67.655, -160.1095
24.000000, 67.662, -160.8787
24.299999, 67.670, -161.4274
24.700001, 67.684, -162.1553
25.000000, 67.696, -162.7147
25.400000, 67.707, -163.4756
25.799999, 67.710, -164.2230
26.200001, 67.708, -164.9225
26.500000, 67.708, -165.4124
26.900000, 67.714, -166.0448
27.200001, 67.722, -166.5295
27.600000, 67.733, -167.2159
28.000000, 67.738, -167.9407
28.500000, 67.727, -168.8329
29.000000, 67.705, -169.6242
29.500000, 67.687, -170.3006
30.000000, 67.682, -170.9347
30.400000, 67.684, -171.4656
30.700001, 67.686, -171.8876
31.100000, 67.686, -172.4712
31.500000, 67.680, -173.0571
32.000000, 67.668, -173.7682
32.500000, 67.654, -174.4551
33.000000, 67.639, -175.1284
33.500000, 67.621, -175.7889
34.000000, 67.601, -176.4299
34.500000, 67.581, -177.0503
35.000000, 67.560, -177.6544
35.500000, 67.539, -178.2414
36.000000, 67.518, -178.8084
36.500000, 67.499, -179.3626
37.000000, 67.481, -179.9195
37.500000, 67.462, 179.5148
38.200001, 67.429, 178.7361
38.700001, 67.403, 178.2115
39.500000, 67.362, 177.4157
40.000000, 67.337, 176.9307
40.599998, 67.305, 176.3632
41.200001, 67.274, 175.8117
41.799999, 67.243, 175.2627
42.500000, 67.204, 174.6242
43.099998, 67.169, 174.0982
43.700001, 67.135, 173.5904
44.400002, 67.097, 172.9913
45.000000, 67.062, 172.4693
45.500000, 67.030, 172.0453
46.200001, 66.983, 171.4854
46.799999, 66.945, 171.0274
47.500000, 66.902, 170.4976
48.200001, 66.858, 169.9647
48.700001, 66.825, 169.5865
49.400002, 66.775, 169.0743
50.000000, 66.732, 168.6586
50.799999, 66.675, 168.1306
51.500000, 66.626, 167.6828
52.200001, 66.578, 167.2471
53.000000, 66.525, 166.7590
53.799999, 66.472, 166.2717
54.500000, 66.422, 165.8569
55.200001, 66.372, 165.4720
56.000000, 66.315, 165.0530
57.000000, 66.240, 164.5451
58.000000, 66.163, 164.1400
59.000000, 66.106, 163.7107
60.000000, 66.038, 163.1366
60.799999, 65.969, 162.7196
61.500000, 65.912, 162.4080
62.200001, 65.859, 162.0988
63.000000, 65.800, 161.7418
64.000000, 65.729, 161.3021
65.000000, 65.658, 160.8690
66.000000, 65.585, 160.4724
67.000000, 65.512, 160.1137
68.000000, 65.437, 159.7934
69.000000, 65.362, 159.5056
70.000000, 65.287, 159.2261
71.000000, 65.212, 158.9425
72.000000, 65.136, 158.6597
73.000000, 65.060, 158.3787
74.000000, 64.983, 158.1133
75.000000, 64.910, 157.8659
76.199997, 64.824, 157.5599
77.500000, 64.726, 157.2604
78.800003, 64.630, 157.0130
80.000000, 64.543, 156.8083
81.199997, 64.458, 156.6290
82.500000, 64.372, 156.4542
83.800003, 64.288, 156.2516
85.000000, 64.205, 156.0851
86.199997, 64.122, 155.9814
87.500000, 64.036, 155.8788
88.500000, 63.970, 155.7900
90.000000, 63.866, 155.6554
91.199997, 63.782, 155.5751
92.500000, 63.695, 155.5221
93.800003, 63.614, 155.4772
95.000000, 63.542, 155.4294
96.199997, 63.469, 155.3930
97.500000, 63.389, 155.3690
98.800003, 63.309, 155.3625
100.000000, 63.235, 155.3635
101.500000, 63.146, 155.3759
103.000000, 63.061, 155.4094
104.400002, 62.985, 155.4630
106.000000, 62.900, 155.5380
107.500000, 62.819, 155.6232
109.000000, 62.734, 155.7155
110.599998, 62.642, 155.8129
112.000000, 62.562, 155.9139
113.800003, 62.476, 156.0523
115.000000, 62.423, 156.0561
117.199997, 62.298, 156.1305
118.000000, 62.254, 156.2761
120.599998, 62.160, 156.7613
122.000000, 62.113, 156.9680
124.099998, 62.044, 157.3356
125.000000, 62.014, 157.4828
126.500000, 61.958, 157.7004
128.000000, 61.893, 157.9257
131.500000, 61.752, 158.4724
132.000000, 61.735, 158.5379
134.000000, 61.670, 158.7884
136.000000, 61.609, 159.0681
138.000000, 61.551, 159.3732
140.000000, 61.493, 159.6883
143.000000, 61.413, 160.1950
145.000000, 61.372, 160.5624
147.500000, 61.334, 160.9865
150.000000, 61.302, 161.2965
152.500000, 61.265, 161.5216
155.000000, 61.226, 161.7552
157.500000, 61.190, 162.0250
160.000000, 61.154, 162.3354
162.500000, 61.114, 162.6819
165.000000, 61.069, 163.0133
167.500000, 61.026, 163.2978
170.000000, 60.991, 163.5708
172.500000, 60.961, 163.8844
175.000000, 60.931, 164.2181
177.500000, 60.902, 164.5395
180.000000, 60.881, 164.7992
182.500000, 60.860, 165.0533
185.000000, 60.839, 165.3312
187.500000, 60.817, 165.5886
190.000000, 60.798, 165.8249
192.500000, 60.783, 166.0684
195.000000, 60.768, 166.3179
197.500000, 60.752, 166.5406
200.000000, 60.738, 166.7416
203.000000, 60.723, 166.9960
206.000000, 60.708, 167.2840
209.000000, 60.691, 167.5830
212.000000, 60.673, 167.8423
214.000000, 60.662, 167.9846
218.000000, 60.647, 168.2864
220.000000, 60.640, 168.4535
224.000000, 60.621, 168.7484
227.000000, 60.611, 168.9231
230.000000, 60.605, 169.1217
233.000000, 60.598, 169.3354
236.000000, 60.591, 169.5286
240.000000, 60.581, 169.7776
243.000000, 60.573, 169.9592
247.000000, 60.564, 170.1877
250.000000, 60.557, 170.3513
254.000000, 60.548, 170.5624
258.000000, 60.539, 170.7602
262.000000, 60.531, 170.9479
265.000000, 60.526, 171.0924
269.000000, 60.519, 171.2950
272.000000, 60.512, 171.4370
276.000000, 60.503, 171.6075
280.000000, 60.495, 171.7593
285.000000, 60.486, 171.9461
290.000000, 60.477, 172.1424
295.000000, 60.468, 172.3304
300.000000, 60.460, 172.5146
304.000000, 60.452, 172.6532
307.000000, 60.447, 172.7531
311.000000, 60.440, 172.8752
315.000000, 60.430, 173.0080
320.000000, 60.421, 173.1746
325.000000, 60.413, 173.3006
330.000000, 60.401, 173.4435
335.000000, 60.389, 173.5827
340.000000, 60.376, 173.7177
345.000000, 60.363, 173.8641
350.000000, 60.352, 173.9909
355.000000, 60.341, 174.1111
360.000000, 60.326, 174.2353
365.000000, 60.311, 174.3613
370.000000, 60.297, 174.4922
375.000000, 60.281, 174.6157
382.000000, 60.254, 174.8351
387.000000, 60.242, 175.0260
395.000000, 60.224, 175.1621
400.000000, 60.210, 175.2383
406.000000, 60.192, 175.3845
412.000000, 60.171, 175.5436
418.000000, 60.148, 175.6816
425.000000, 60.125, 175.8705
431.000000, 60.105, 176.0320
437.000000, 60.084, 176.1789
444.000000, 60.059, 176.3539
450.000000, 60.034, 176.5098
455.000000, 60.016, 176.7115
462.000000, 59.999, 176.9648
468.000000, 59.982, 177.1508
475.000000, 59.952, 177.3975
482.000000, 59.915, 177.5331
487.000000, 59.896, 177.6175
494.000000, 59.872, 177.8189
500.000000, 59.849, 178.0128
508.000000, 59.818, 178.2795
515.000000, 59.792, 178.5178
522.000000, 59.765, 178.7686
530.000000, 59.736, 179.0750
538.000000, 59.708, 179.3110
545.000000, 59.688, 179.3632
552.000000, 59.664, 179.4957
560.000000, 59.625, -179.9934
570.000000, 59.605, -179.3663
580.000000, 59.577, -178.9940
590.000000, 59.546, -178.5922
600.000000, 59.521, -178.2069
608.000000, 59.501, -177.9191
615.000000, 59.483, -177.6713
622.000000, 59.462, -177.4187
630.000000, 59.436, -177.1208
640.000000, 59.401, -176.7207
650.000000, 59.361, -176.3120
660.000000, 59.321, -175.9118
670.000000, 59.281, -175.4037
680.000000, 59.241, -174.8810
690.000000, 59.205, -174.3479
700.000000, 59.173, -173.7906
710.000000, 59.144, -173.2154
720.000000, 59.118, -172.6205
730.000000, 59.095, -172.0066
740.000000, 59.074, -171.3732
750.000000, 59.057, -170.7262
762.000000, 59.041, -169.9485
775.000000, 59.031, -169.0932
788.000000, 59.025, -168.2170
800.000000, 59.025, -167.3969
812.000000, 59.030, -166.5642
825.000000, 59.042, -165.6665
838.000000, 59.061, -164.7606
850.000000, 59.084, -163.9245
862.000000, 59.111, -163.0875
875.000000, 59.147, -162.1869
885.000000, 59.179, -161.4969
900.000000, 59.234, -160.4957
912.000000, 59.288, -159.6944
925.000000, 59.351, -158.8249
938.000000, 59.418, -157.9786
950.000000, 59.487, -157.2330
962.000000, 59.559, -156.5143
975.000000, 59.643, -155.7559
988.000000, 59.732, -155.0280
1000.000000, 59.819, -154.3985
1015.000000, 59.932, -153.6569
1030.000000, 60.049, -152.9648
1044.000000, 60.161, -152.3691
1060.000000, 60.293, -151.7435
1075.000000, 60.418, -151.2177
1090.000000, 60.544, -150.7527
1106.000000, 60.678, -150.3199
1120.000000, 60.794, -149.9943
1138.000000, 60.942, -149.6410
1150.000000, 61.038, -149.4419
1172.000000, 61.208, -149.1427
1180.000000, 61.267, -149.0543
1206.000000, 61.452, -148.8346
1220.000000, 61.547, -148.7489
1241.000000, 61.681, -148.6547
1250.000000, 61.735, -148.6250
1265.000000, 61.823, -148.5869
1280.000000, 61.907, -148.5583
1315.000000, 62.086, -148.5134
1320.000000, 62.110, -148.5077
1340.000000, 62.202, -148.4846
1360.000000, 62.288, -148.4579
1380.000000, 62.370, -148.4241
1400.000000, 62.448, -148.3816
1430.000000, 62.557, -148.2938
1450.000000, 62.628, -148.2207
1475.000000, 62.712, -148.1080
1500.000000, 62.794, -147.9728
1525.000000, 62.875, -147.8198
1550.000000, 62.955, -147.6481
1575.000000, 63.035, -147.4586
1600.000000, 63.115, -147.2527
1625.000000, 63.196, -147.0335
1650.000000, 63.279, -146.8034
1675.000000, 63.363, -146.5632
1700.000000, 63.449, -146.3140
1725.000000, 63.537, -146.0579
1750.000000, 63.628, -145.7979
1775.000000, 63.721, -145.5388
1800.000000, 63.817, -145.2808
1825.000000, 63.916, -145.0250
1850.000000, 64.017, -144.7734
1875.000000, 64.122, -144.5307
1900.000000, 64.229, -144.2998
1925.000000, 64.339, -144.0795
1950.000000, 64.453, -143.8727
1975.000000, 64.569, -143.6808
2000.000000, 64.688, -143.5057
2030.000000, 64.835, -143.3194
2060.000000, 64.985, -143.1607
2090.000000, 65.140, -143.0372
2120.000000, 65.298, -142.9516
2140.000000, 65.405, -142.9163
2180.000000, 65.624, -142.9040
2200.000000, 65.736, -142.9286
2240.000000, 65.962, -143.0417
2270.000000, 66.135, -143.1858
2300.000000, 66.309, -143.3839
2330.000000, 66.484, -143.6387
2360.000000, 66.659, -143.9558
2400.000000, 66.894, -144.4792
2430.000000, 67.068, -144.9491
2470.000000, 67.298, -145.6808
2500.000000, 67.467, -146.3108
2540.000000, 67.687, -147.2613
2580.000000, 67.896, -148.3377
2620.000000, 68.093, -149.5363
2650.000000, 68.232, -150.5116
2690.000000, 68.401, -151.9081
2720.000000, 68.516, -153.0222
2760.000000, 68.652, -154.5859
2800.000000, 68.765, -156.2255
2850.000000, 68.872, -158.3547
2900.000000, 68.938, -160.5343
2950.000000, 68.963, -162.7253
3000.000000, 68.947, -164.8836
3040.000000, 68.907, -166.5575
3070.000000, 68.861, -167.7694
3110.000000, 68.780, -169.3144
3150.000000, 68.680, -170.7639
3200.000000, 68.531, -172.4187
3250.000000, 68.361, -173.8833
3300.000000, 68.175, -175.1458
3350.000000, 67.981, -176.2051
3400.000000, 67.782, -177.0724
3450.000000, 67.583, -177.7617
3500.000000, 67.386, -178.2805
3550.000000, 67.194, -178.6436
3600.000000, 67.009, -178.8723
3650.000000, 66.832, -178.9748
3700.000000, 66.664, -178.9526
3750.000000, 66.508, -178.8161
3820.000000, 66.317, -178.4802
3870.000000, 66.200, -178.1799
3950.000000, 66.040, -177.6607
4000.000000, 65.953, -177.3185
4060.000000, 65.861, -176.8836
4120.000000, 65.782, -176.4231
4180.000000, 65.718, -175.9434
4250.000000, 65.663, -175.3777
4310.000000, 65.635, -174.9089
4370.000000, 65.621, -174.4744
4440.000000, 65.622, -174.0325
4500.000000, 65.636, -173.7278
4550.000000, 65.656, -173.5347
4620.000000, 65.691, -173.3654
4680.000000, 65.727, -173.3180
4750.000000, 65.772, -173.3752
4820.000000, 65.821, -173.5561
4870.000000, 65.859, -173.7702
4940.000000, 65.911, -174.2098
5000.000000, 65.954, -174.7376
5080.000000, 65.995, -175.6808
5150.000000, 66.008, -176.7212
5220.000000, 65.989, -177.9274
5300.000000, 65.921, -179.4451
5380.000000, 65.797, 178.9692
5450.000000, 65.638, 177.6030
5520.000000, 65.434, 176.3290
5600.000000, 65.149, 175.0731
5700.000000, 64.729, 173.9324
5800.000000, 64.261, 173.3787
5900.000000, 63.774, 173.4666
6000.000000, 63.296, 174.1774
6080.000000, 62.934, 175.1529
6150.000000, 62.640, 176.2657
6220.000000, 62.372, 177.5844
6300.000000, 62.102, 179.2930
6400.000000, 61.823, -178.3357
6500.000000, 61.612, -175.7897
6600.000000, 61.469, -173.1595
6700.000000, 61.394, -170.5204
6800.000000, 61.383, -167.9282
6900.000000, 61.435, -165.4263
7000.000000, 61.550, -163.0581
7100.000000, 61.732, -160.8738
7200.000000, 61.986, -158.9479
7300.000000, 62.316, -157.4149
7400.000000, 62.717, -156.4663
7500.000000, 63.166, -156.2978
7620.000000, 63.737, -157.2448
7750.000000, 64.344, -160.0367
7880.000000, 64.795, -164.8567
8000.000000, 64.942, -170.6394
8120.000000, 64.757, -176.9017
8250.000000, 64.180, 176.8693
8380.000000, 63.296, 172.1929
8500.000000, 62.328, 169.6975
8620.000000, 61.328, 168.9315
8750.000000, 60.296, 169.7307
8850.000000, 59.570, 171.2284
9000.000000, 58.614, 174.5104
9120.000000, 57.968, 177.7946
9250.000000, 57.388, -178.1933
9380.000000, 56.929, -173.8484
9500.000000, 56.613, -169.6389
9620.000000, 56.402, -165.3295
9750.000000, 56.294, -160.6587
9880.000000, 56.310, -156.1212
10000.000000, 56.433, -152.1814
10150.000000, 56.723, -147.7803
10300.000000, 57.145, -144.1566
10440.000000, 57.635, -141.6513
10600.000000, 58.274, -140.0079
10750.000000, 58.903, -139.8066
10900.000000, 59.497, -140.9749
11060.000000, 60.011, -143.5761
11200.000000, 60.308, -146.6439
11380.000000, 60.454, -150.9531
11500.000000, 60.424, -153.6560
11720.000000, 60.212, -157.6962
11800.000000, 60.115, -158.8436
12060.000000, 59.843, -161.7464
12200.000000, 59.756, -163.1182
12410.000000, 59.704, -165.4833
12500.000000, 59.699, -166.7291
12650.000000, 59.687, -169.2049
12800.000000, 59.641, -172.1791
13150.000000, 59.232, 179.7748
13200.000000, 59.133, 178.6311
13400.000000, 58.654, 174.4175
13600.000000, 58.097, 171.0645
13800.000000, 57.550, 168.6772
14000.000000, 57.096, 167.0600
14300.000000, 56.703, 165.1839
14500.000000, 56.664, 163.5972
14750.000000, 56.847, 160.4273
15000.000000, 57.224, 155.2420
15250.000000, 57.671, 147.3829
15500.000000, 57.981, 136.8016
15750.000000, 58.021, 124.3976
16000.000000, 57.784, 110.8719
16250.000000, 57.230, 96.7719
16500.000000, 56.353, 83.1689
16750.000000, 55.301, 70.9574
17000.000000, 54.309, 60.4073
17250.000000, 53.805, 50.6386
17500.000000, 54.095, 37.6015
17750.000000, 54.643, 17.3429
18000.000000, 54.596, -9.8336
18250.000000, 53.492, -40.9380
18500.000000, 51.272, -72.7852
18750.000000, 48.166, -103.3048
19000.000000, 44.626, -132.8677
19250.000000, 40.988, -163.9501
19500.000000, 37.155, 161.6168
19750.000000, 32.909, 123.4266
20000.000000, 29.148, 86.5092
