* Measurement data measured by REW V5.31.3
* Source: USB-C to 3.5mm Headphone Jack Adapter, USB-C to 3.5mm Headphone Jack Adapter, 0, volume: 0.264
* Format: 256k Log Swept Sine, 1 sweep at -12.0 dBFS with no timing reference
* Dated: Feb 24, 2025 12:33:22 PM
* REW Settings:
*  C-weighting compensation: Off
*  Target level: 75.0 dB
* Note: ; 
* Measurement: Kiwi Ears KE4 R
* Smoothing: 1/24 octave
* Frequency Step: 1/48 octave
* Start Frequency: 1.000 Hz
*
* Freq(Hz), SPL(dB), Phase(degrees)
1.000000, 45.930, -167.9288
1.015000, 46.185, -169.1128
1.030000, 46.436, -170.2713
1.044000, 46.666, -171.3326
1.060000, 46.922, -172.5251
1.075000, 47.156, -173.6266
1.090000, 47.383, -174.7155
1.106000, 47.619, -175.8667
1.120000, 47.821, -176.8680
1.138000, 48.076, -178.1466
1.150000, 48.243, -178.9924
1.172000, 48.545, 179.4740
1.180000, 48.653, 178.9225
1.206000, 48.998, 177.1552
1.220000, 49.180, 176.2208
1.241000, 49.448, 174.8436
1.250000, 49.562, 174.2627
1.265000, 49.749, 173.3072
1.280000, 49.933, 172.3680
1.315000, 50.354, 170.2407
1.320000, 50.413, 169.9442
1.340000, 50.647, 168.7767
1.360000, 50.878, 167.6385
1.380000, 51.105, 166.5293
1.400000, 51.328, 165.4485
1.430000, 51.658, 163.8790
1.450000, 51.874, 162.8655
1.475000, 52.140, 161.6307
1.500000, 52.399, 160.4218
1.525000, 52.651, 159.2344
1.550000, 52.897, 158.0680
1.575000, 53.136, 156.9221
1.600000, 53.369, 155.7964
1.625000, 53.597, 154.6902
1.650000, 53.820, 153.6025
1.675000, 54.037, 152.5325
1.700000, 54.251, 151.4791
1.725000, 54.460, 150.4411
1.750000, 54.665, 149.4173
1.775000, 54.868, 148.4066
1.800000, 55.067, 147.4073
1.825000, 55.263, 146.4176
1.850000, 55.456, 145.4329
1.875000, 55.645, 144.4493
1.900000, 55.829, 143.4674
1.925000, 56.009, 142.4894
1.950000, 56.184, 141.5175
1.975000, 56.356, 140.5537
2.000000, 56.523, 139.5995
2.030000, 56.720, 138.4691
2.060000, 56.912, 137.3567
2.090000, 57.100, 136.2635
2.120000, 57.284, 135.1910
2.140000, 57.405, 134.4877
2.180000, 57.642, 133.1090
2.200000, 57.758, 132.4317
2.240000, 57.986, 131.0875
2.270000, 58.151, 130.0839
2.300000, 58.312, 129.0855
2.330000, 58.468, 128.0947
2.360000, 58.621, 127.1135
2.400000, 58.818, 125.8235
2.430000, 58.963, 124.8721
2.470000, 59.150, 123.6273
2.500000, 59.288, 122.7132
2.540000, 59.467, 121.5214
2.580000, 59.643, 120.3557
2.620000, 59.812, 119.2026
2.650000, 59.935, 118.3429
2.690000, 60.094, 117.2054
2.720000, 60.210, 116.3607
2.760000, 60.361, 115.2483
2.800000, 60.507, 114.1545
2.850000, 60.684, 112.8180
2.900000, 60.855, 111.5191
2.950000, 61.022, 110.2546
3.000000, 61.181, 109.0081
3.040000, 61.304, 108.0203
3.070000, 61.394, 107.2861
3.110000, 61.510, 106.3184
3.150000, 61.623, 105.3659
3.200000, 61.759, 104.2005
3.250000, 61.892, 103.0673
3.300000, 62.021, 101.9675
3.350000, 62.145, 100.8926
3.400000, 62.265, 99.8346
3.450000, 62.380, 98.7938
3.500000, 62.491, 97.7724
3.550000, 62.598, 96.7729
3.600000, 62.703, 95.7978
3.650000, 62.804, 94.8485
3.700000, 62.903, 93.9220
3.750000, 62.999, 93.0128
3.820000, 63.128, 91.7667
3.870000, 63.216, 90.8970
3.950000, 63.353, 89.5445
4.000000, 63.436, 88.7254
4.060000, 63.534, 87.7685
4.120000, 63.628, 86.8359
4.180000, 63.719, 85.9248
4.250000, 63.823, 84.8881
4.310000, 63.909, 84.0220
4.370000, 63.993, 83.1766
4.440000, 64.090, 82.2156
4.500000, 64.171, 81.4117
4.550000, 64.236, 80.7547
4.620000, 64.326, 79.8536
4.680000, 64.402, 79.0979
4.750000, 64.489, 78.2345
4.820000, 64.573, 77.3903
4.870000, 64.633, 76.7984
4.940000, 64.715, 75.9843
5.000000, 64.783, 75.2990
5.080000, 64.873, 74.4021
5.150000, 64.950, 73.6319
5.220000, 65.026, 72.8745
5.300000, 65.110, 72.0240
5.380000, 65.192, 71.1888
5.450000, 65.263, 70.4700
5.520000, 65.332, 69.7614
5.600000, 65.409, 68.9633
5.700000, 65.503, 67.9828
5.800000, 65.593, 67.0213
5.900000, 65.681, 66.0786
6.000000, 65.766, 65.1525
6.080000, 65.832, 64.4233
6.150000, 65.888, 63.7942
6.220000, 65.943, 63.1735
6.300000, 66.004, 62.4736
6.400000, 66.078, 61.6120
6.500000, 66.149, 60.7655
6.600000, 66.218, 59.9346
6.700000, 66.285, 59.1182
6.800000, 66.349, 58.3154
6.900000, 66.411, 57.5267
7.000000, 66.471, 56.7522
7.100000, 66.528, 55.9904
7.200000, 66.583, 55.2418
7.300000, 66.636, 54.5070
7.400000, 66.687, 53.7859
7.500000, 66.736, 53.0776
7.620000, 66.792, 52.2461
7.750000, 66.849, 51.3694
7.880000, 66.903, 50.5166
8.000000, 66.951, 49.7519
8.120000, 66.996, 49.0101
8.250000, 67.043, 48.2314
8.380000, 67.089, 47.4779
8.500000, 67.129, 46.8049
8.620000, 67.169, 46.1527
8.750000, 67.212, 45.4661
8.850000, 67.245, 44.9509
9.000000, 67.294, 44.1978
9.120000, 67.334, 43.6077
9.250000, 67.377, 42.9776
9.380000, 67.420, 42.3560
9.500000, 67.459, 41.7866
9.620000, 67.497, 41.2190
9.750000, 67.539, 40.6066
9.880000, 67.578, 39.9968
10.000000, 67.613, 39.4357
10.150000, 67.654, 38.7385
10.300000, 67.692, 38.0508
10.440000, 67.725, 37.4187
10.600000, 67.759, 36.7130
10.750000, 67.788, 36.0717
10.900000, 67.815, 35.4507
11.060000, 67.842, 34.8129
11.200000, 67.865, 34.2752
11.380000, 67.895, 33.6065
11.500000, 67.916, 33.1732
11.720000, 67.954, 32.3949
11.800000, 67.968, 32.1143
12.060000, 68.015, 31.2046
12.200000, 68.039, 30.7109
12.410000, 68.074, 29.9650
12.500000, 68.088, 29.6440
12.650000, 68.108, 29.1085
12.800000, 68.125, 28.5772
13.150000, 68.154, 27.3787
13.200000, 68.156, 27.2150
13.400000, 68.165, 26.5831
13.600000, 68.172, 25.9924
13.800000, 68.178, 25.4445
14.000000, 68.185, 24.9337
14.300000, 68.202, 24.2200
14.500000, 68.218, 23.7628
14.750000, 68.243, 23.1933
15.000000, 68.271, 22.6121
15.250000, 68.301, 22.0095
15.500000, 68.330, 21.3836
15.750000, 68.357, 20.7366
16.000000, 68.379, 20.0741
16.250000, 68.397, 19.4041
16.500000, 68.408, 18.7363
16.750000, 68.414, 18.0829
17.000000, 68.413, 17.4573
17.250000, 68.408, 16.8710
17.500000, 68.402, 16.3316
17.750000, 68.396, 15.8388
18.000000, 68.393, 15.3832
18.250000, 68.395, 14.9489
18.500000, 68.401, 14.5164
18.750000, 68.411, 14.0709
19.000000, 68.421, 13.6055
19.250000, 68.428, 13.1240
19.500000, 68.431, 12.6398
19.750000, 68.430, 12.1688
20.000000, 68.425, 11.7250
20.299999, 68.420, 11.2346
20.600000, 68.418, 10.7794
20.900000, 68.421, 10.3344
21.200001, 68.428, 9.8734
21.400000, 68.433, 9.5507
21.799999, 68.437, 8.8782
22.000000, 68.435, 8.5418
22.400000, 68.424, 7.9061
22.700001, 68.414, 7.4774
23.000000, 68.406, 7.0830
23.299999, 68.404, 6.7001
23.600000, 68.406, 6.3033
24.000000, 68.409, 5.7325
24.299999, 68.405, 5.2850
24.700001, 68.391, 4.7094
25.000000, 68.377, 4.3231
25.400000, 68.361, 3.8773
25.799999, 68.356, 3.4675
26.200001, 68.363, 3.0205
26.500000, 68.369, 2.6318
26.900000, 68.369, 2.0532
27.200001, 68.359, 1.6103
27.600000, 68.332, 1.0753
28.000000, 68.302, 0.6492
28.500000, 68.279, 0.2378
29.000000, 68.280, -0.1819
29.500000, 68.290, -0.7359
30.000000, 68.285, -1.4025
30.400000, 68.264, -1.9305
30.700001, 68.241, -2.2830
31.100000, 68.210, -2.6813
31.500000, 68.184, -3.0184
32.000000, 68.160, -3.4114
32.500000, 68.143, -3.8111
33.000000, 68.129, -4.2192
33.500000, 68.118, -4.6392
34.000000, 68.110, -5.0939
34.500000, 68.098, -5.5914
35.000000, 68.077, -6.0990
35.500000, 68.049, -6.5701
36.000000, 68.020, -6.9880
36.500000, 67.996, -7.3752
37.000000, 67.975, -7.7629
37.500000, 67.954, -8.1634
38.200001, 67.921, -8.7252
38.700001, 67.895, -9.1057
39.500000, 67.856, -9.6724
40.000000, 67.835, -10.0237
40.599998, 67.810, -10.4671
41.200001, 67.781, -10.9213
41.799999, 67.747, -11.3490
42.500000, 67.708, -11.8016
43.099998, 67.679, -12.1798
43.700001, 67.650, -12.5658
44.400002, 67.614, -13.0104
45.000000, 67.584, -13.3805
45.500000, 67.560, -13.6907
46.200001, 67.524, -14.1327
46.799999, 67.490, -14.5054
47.500000, 67.450, -14.9235
48.200001, 67.411, -15.3392
48.700001, 67.382, -15.6393
49.400002, 67.340, -16.0500
50.000000, 67.303, -16.3833
50.799999, 67.258, -16.8133
51.500000, 67.221, -17.1926
52.200001, 67.184, -17.5753
53.000000, 67.143, -18.0139
53.799999, 67.100, -18.4504
54.500000, 67.060, -18.8208
55.200001, 67.019, -19.1782
56.000000, 66.969, -19.5648
57.000000, 66.905, -19.9853
58.000000, 66.849, -20.3923
59.000000, 66.789, -20.8326
60.000000, 66.727, -21.2396
60.799999, 66.682, -21.5799
61.500000, 66.639, -21.9076
62.200001, 66.591, -22.2258
63.000000, 66.534, -22.5468
64.000000, 66.469, -22.9197
65.000000, 66.406, -23.3085
66.000000, 66.339, -23.6805
67.000000, 66.274, -24.0251
68.000000, 66.210, -24.3695
69.000000, 66.146, -24.7060
70.000000, 66.082, -25.0487
71.000000, 66.016, -25.3917
72.000000, 65.949, -25.7103
73.000000, 65.884, -26.0115
74.000000, 65.820, -26.3168
75.000000, 65.754, -26.6155
76.199997, 65.673, -26.9119
77.500000, 65.591, -27.2031
78.800003, 65.506, -27.5066
80.000000, 65.420, -27.7606
81.199997, 65.334, -27.9854
82.500000, 65.245, -28.2666
83.800003, 65.151, -28.5916
85.000000, 65.063, -28.8640
86.199997, 64.981, -29.1069
87.500000, 64.898, -29.3645
88.500000, 64.834, -29.5496
90.000000, 64.734, -29.7987
91.199997, 64.648, -29.9498
92.500000, 64.555, -30.0676
93.800003, 64.466, -30.1891
95.000000, 64.387, -30.3361
96.199997, 64.305, -30.5215
97.500000, 64.211, -30.7051
98.800003, 64.118, -30.8436
100.000000, 64.033, -30.9536
101.500000, 63.926, -31.0405
103.000000, 63.826, -31.0895
104.400002, 63.734, -31.1367
106.000000, 63.637, -31.1503
107.500000, 63.534, -31.2906
109.000000, 63.422, -31.2372
110.599998, 63.320, -31.3206
112.000000, 63.213, -31.4329
113.800003, 63.075, -31.4020
115.000000, 62.998, -31.3447
117.199997, 62.839, -31.3347
118.000000, 62.772, -31.2701
120.599998, 62.582, -30.8195
122.000000, 62.493, -30.6410
124.099998, 62.353, -30.1690
125.000000, 62.306, -29.8477
126.500000, 62.253, -29.3708
128.000000, 62.206, -29.1136
131.500000, 62.087, -28.8918
132.000000, 62.073, -28.8954
134.000000, 62.018, -28.9313
136.000000, 61.942, -28.8256
138.000000, 61.846, -28.5081
140.000000, 61.742, -28.1479
143.000000, 61.587, -27.7232
145.000000, 61.491, -27.4591
147.500000, 61.375, -27.0656
150.000000, 61.262, -26.6181
152.500000, 61.154, -26.1600
155.000000, 61.051, -25.6603
157.500000, 60.955, -25.0933
160.000000, 60.867, -24.5273
162.500000, 60.784, -23.9842
165.000000, 60.708, -23.4466
167.500000, 60.636, -22.8865
170.000000, 60.569, -22.3182
172.500000, 60.501, -21.7592
175.000000, 60.437, -21.1889
177.500000, 60.377, -20.6018
180.000000, 60.326, -19.9926
182.500000, 60.282, -19.3972
185.000000, 60.245, -18.8285
187.500000, 60.211, -18.2610
190.000000, 60.180, -17.7061
192.500000, 60.148, -17.1704
195.000000, 60.120, -16.6367
197.500000, 60.097, -16.0831
200.000000, 60.075, -15.5446
203.000000, 60.056, -15.0195
206.000000, 60.059, -14.4575
209.000000, 60.070, -13.7007
212.000000, 60.040, -12.9095
214.000000, 60.008, -12.4322
218.000000, 60.008, -11.6804
220.000000, 60.028, -11.4521
224.000000, 60.032, -11.0844
227.000000, 60.016, -10.7169
230.000000, 60.014, -10.2169
233.000000, 60.017, -9.6995
236.000000, 60.022, -9.2642
240.000000, 60.034, -8.7369
243.000000, 60.044, -8.3442
247.000000, 60.059, -7.8555
250.000000, 60.073, -7.5019
254.000000, 60.091, -7.0382
258.000000, 60.111, -6.6008
262.000000, 60.131, -6.1896
265.000000, 60.147, -5.8967
269.000000, 60.168, -5.5186
272.000000, 60.186, -5.2483
276.000000, 60.209, -4.9133
280.000000, 60.232, -4.6075
285.000000, 60.260, -4.2578
290.000000, 60.286, -3.9102
295.000000, 60.316, -3.5864
300.000000, 60.348, -3.3093
304.000000, 60.370, -3.1393
307.000000, 60.383, -3.0065
311.000000, 60.394, -2.8143
315.000000, 60.401, -2.6057
320.000000, 60.427, -2.3894
325.000000, 60.449, -2.1437
330.000000, 60.473, -1.9474
335.000000, 60.494, -1.8347
340.000000, 60.519, -1.7573
345.000000, 60.539, -1.6191
350.000000, 60.556, -1.4728
355.000000, 60.568, -1.3507
360.000000, 60.578, -1.2437
365.000000, 60.587, -1.1366
370.000000, 60.597, -1.0343
375.000000, 60.604, -0.9659
382.000000, 60.612, -0.7643
387.000000, 60.630, -0.6500
395.000000, 60.650, -0.6590
400.000000, 60.650, -0.6473
406.000000, 60.647, -0.5796
412.000000, 60.645, -0.4835
418.000000, 60.646, -0.4212
425.000000, 60.646, -0.3680
431.000000, 60.644, -0.2810
437.000000, 60.638, -0.2032
444.000000, 60.630, -0.1485
450.000000, 60.624, -0.0995
455.000000, 60.618, -0.0327
462.000000, 60.600, 0.0869
468.000000, 60.573, 0.1394
475.000000, 60.543, 0.0826
482.000000, 60.524, 0.0012
487.000000, 60.509, -0.0176
494.000000, 60.468, 0.0055
500.000000, 60.416, 0.0399
508.000000, 60.340, 0.2173
515.000000, 60.272, 0.5198
522.000000, 60.218, 1.0349
530.000000, 60.202, 1.7739
538.000000, 60.226, 2.2418
545.000000, 60.242, 2.4197
552.000000, 60.245, 2.5358
560.000000, 60.236, 2.6798
570.000000, 60.217, 2.8750
580.000000, 60.194, 3.0751
590.000000, 60.164, 3.2749
600.000000, 60.129, 3.5261
608.000000, 60.100, 3.7426
615.000000, 60.076, 3.9441
622.000000, 60.052, 4.1526
630.000000, 60.024, 4.3892
640.000000, 59.989, 4.6953
650.000000, 59.953, 5.0167
660.000000, 59.915, 5.3512
670.000000, 59.879, 5.7054
680.000000, 59.842, 6.0692
690.000000, 59.805, 6.4456
700.000000, 59.769, 6.8364
710.000000, 59.734, 7.2422
720.000000, 59.700, 7.6656
730.000000, 59.666, 8.1022
740.000000, 59.632, 8.5490
750.000000, 59.599, 9.0071
762.000000, 59.562, 9.5728
775.000000, 59.524, 10.2107
788.000000, 59.487, 10.8724
800.000000, 59.455, 11.5024
812.000000, 59.425, 12.1490
825.000000, 59.395, 12.8739
838.000000, 59.370, 13.6276
850.000000, 59.350, 14.3417
862.000000, 59.335, 15.0665
875.000000, 59.325, 15.8649
885.000000, 59.320, 16.4845
900.000000, 59.319, 17.4202
912.000000, 59.323, 18.1708
925.000000, 59.333, 18.9808
938.000000, 59.349, 19.7904
950.000000, 59.368, 20.5347
962.000000, 59.391, 21.2704
975.000000, 59.422, 22.0555
988.000000, 59.459, 22.8224
1000.000000, 59.497, 23.5109
1015.000000, 59.551, 24.3409
1030.000000, 59.609, 25.1309
1044.000000, 59.667, 25.8311
1060.000000, 59.738, 26.5890
1075.000000, 59.807, 27.2516
1090.000000, 59.878, 27.8667
1106.000000, 59.955, 28.4791
1120.000000, 60.021, 28.9737
1138.000000, 60.105, 29.5550
1150.000000, 60.160, 29.9132
1172.000000, 60.257, 30.5193
1180.000000, 60.291, 30.7247
1206.000000, 60.394, 31.3407
1220.000000, 60.446, 31.6473
1241.000000, 60.518, 32.0812
1250.000000, 60.547, 32.2594
1265.000000, 60.593, 32.5497
1280.000000, 60.635, 32.8336
1315.000000, 60.721, 33.4962
1320.000000, 60.732, 33.5913
1340.000000, 60.773, 33.9767
1360.000000, 60.810, 34.3736
1380.000000, 60.844, 34.7872
1400.000000, 60.874, 35.2169
1430.000000, 60.917, 35.8938
1450.000000, 60.943, 36.3685
1475.000000, 60.974, 36.9893
1500.000000, 61.005, 37.6412
1525.000000, 61.038, 38.3201
1550.000000, 61.073, 39.0255
1575.000000, 61.109, 39.7537
1600.000000, 61.148, 40.5049
1625.000000, 61.190, 41.2768
1650.000000, 61.235, 42.0632
1675.000000, 61.284, 42.8625
1700.000000, 61.336, 43.6719
1725.000000, 61.393, 44.4893
1750.000000, 61.455, 45.3129
1775.000000, 61.521, 46.1393
1800.000000, 61.591, 46.9680
1825.000000, 61.666, 47.7992
1850.000000, 61.745, 48.6284
1875.000000, 61.830, 49.4512
1900.000000, 61.920, 50.2634
1925.000000, 62.014, 51.0651
1950.000000, 62.113, 51.8554
1975.000000, 62.217, 52.6332
2000.000000, 62.326, 53.3959
2030.000000, 62.462, 54.2871
2060.000000, 62.606, 55.1491
2090.000000, 62.755, 55.9801
2120.000000, 62.912, 56.7763
2140.000000, 63.020, 57.2853
2180.000000, 63.244, 58.2461
2200.000000, 63.360, 58.6956
2240.000000, 63.600, 59.5294
2270.000000, 63.786, 60.0955
2300.000000, 63.978, 60.6061
2330.000000, 64.174, 61.0572
2360.000000, 64.376, 61.4436
2400.000000, 64.649, 61.8558
2430.000000, 64.859, 62.0880
2470.000000, 65.146, 62.2747
2500.000000, 65.364, 62.3036
2540.000000, 65.655, 62.1886
2580.000000, 65.944, 61.9034
2620.000000, 66.226, 61.4491
2650.000000, 66.433, 60.9976
2690.000000, 66.700, 60.2474
2720.000000, 66.891, 59.5756
2760.000000, 67.133, 58.5399
2800.000000, 67.355, 57.3527
2850.000000, 67.601, 55.6762
2900.000000, 67.806, 53.8224
2950.000000, 67.965, 51.8412
3000.000000, 68.076, 49.7849
3040.000000, 68.130, 48.1227
3070.000000, 68.151, 46.8849
3110.000000, 68.153, 45.2662
3150.000000, 68.128, 43.7071
3200.000000, 68.061, 41.8797
3250.000000, 67.960, 40.2283
3300.000000, 67.833, 38.7808
3350.000000, 67.688, 37.5469
3400.000000, 67.531, 36.5316
3450.000000, 67.368, 35.7280
3500.000000, 67.207, 35.1201
3550.000000, 67.052, 34.6821
3600.000000, 66.906, 34.3869
3650.000000, 66.771, 34.2127
3700.000000, 66.648, 34.1406
3750.000000, 66.539, 34.1508
3820.000000, 66.413, 34.2609
3870.000000, 66.343, 34.3760
3950.000000, 66.267, 34.5544
4000.000000, 66.240, 34.6229
4060.000000, 66.227, 34.6178
4120.000000, 66.231, 34.4747
4180.000000, 66.243, 34.1570
4250.000000, 66.256, 33.5401
4310.000000, 66.254, 32.8051
4370.000000, 66.226, 31.9246
4440.000000, 66.152, 30.8283
4500.000000, 66.054, 29.9530
4550.000000, 65.957, 29.3423
4620.000000, 65.817, 28.7123
4680.000000, 65.713, 28.3348
4750.000000, 65.628, 27.9286
4820.000000, 65.576, 27.3491
4870.000000, 65.546, 26.7401
4940.000000, 65.490, 25.5917
5000.000000, 65.412, 24.3821
5080.000000, 65.245, 22.5920
5150.000000, 65.036, 21.0083
5220.000000, 64.772, 19.5420
5300.000000, 64.413, 18.1473
5380.000000, 64.011, 17.1542
5450.000000, 63.642, 16.6517
5520.000000, 63.271, 16.4957
5600.000000, 62.861, 16.7151
5700.000000, 62.388, 17.4940
5800.000000, 61.979, 18.6793
5900.000000, 61.643, 20.0892
6000.000000, 61.375, 21.5322
6080.000000, 61.198, 22.6106
6150.000000, 61.057, 23.4743
6220.000000, 60.920, 24.2880
6300.000000, 60.759, 25.2422
6400.000000, 60.556, 26.6519
6500.000000, 60.377, 28.4522
6600.000000, 60.262, 30.6427
6700.000000, 60.241, 33.0627
6800.000000, 60.330, 35.4877
6900.000000, 60.525, 37.6855
7000.000000, 60.810, 39.4964
7100.000000, 61.167, 40.8164
7200.000000, 61.582, 41.5728
7300.000000, 62.036, 41.7028
7400.000000, 62.514, 41.1766
7500.000000, 63.002, 39.9490
7620.000000, 63.556, 37.3606
7750.000000, 64.028, 33.4002
7880.000000, 64.327, 28.6782
8000.000000, 64.424, 24.0049
8120.000000, 64.341, 19.4591
8250.000000, 64.077, 15.1581
8380.000000, 63.691, 11.8790
8500.000000, 63.291, 9.9160
8620.000000, 62.913, 8.9502
8750.000000, 62.593, 8.8083
8850.000000, 62.442, 9.0950
9000.000000, 62.388, 9.5689
9120.000000, 62.466, 9.4810
9250.000000, 62.599, 8.6033
9380.000000, 62.706, 6.9846
9500.000000, 62.744, 5.0850
9620.000000, 62.717, 3.0319
9750.000000, 62.622, 0.8012
9880.000000, 62.470, -1.3567
10000.000000, 62.281, -3.2504
10150.000000, 61.972, -5.3571
10300.000000, 61.602, -6.9316
10440.000000, 61.240, -7.8015
10600.000000, 60.848, -8.2150
10750.000000, 60.516, -8.2151
10900.000000, 60.219, -7.9140
11060.000000, 59.952, -7.2850
11200.000000, 59.774, -6.5236
11380.000000, 59.642, -5.4221
11500.000000, 59.622, -4.7379
11720.000000, 59.737, -3.9248
11800.000000, 59.827, -3.8872
12060.000000, 60.246, -5.3936
12200.000000, 60.494, -7.5312
12410.000000, 60.759, -12.6462
12500.000000, 60.793, -15.4592
12650.000000, 60.695, -20.6888
12800.000000, 60.377, -26.1565
13150.000000, 58.861, -36.9062
13200.000000, 58.584, -38.0113
13400.000000, 57.419, -41.1672
13600.000000, 56.272, -42.5140
13800.000000, 55.232, -42.5833
14000.000000, 54.327, -41.8580
14300.000000, 53.231, -39.9812
14500.000000, 52.679, -38.5121
14750.000000, 52.191, -36.7947
15000.000000, 51.925, -35.5380
15250.000000, 51.884, -35.0615
15500.000000, 52.063, -35.7865
15750.000000, 52.441, -38.0673
16000.000000, 53.007, -42.2498
16250.000000, 53.732, -48.8746
16500.000000, 54.538, -58.5089
16750.000000, 55.298, -71.4984
17000.000000, 55.864, -87.8174
17250.000000, 56.115, -107.0576
17500.000000, 55.998, -128.7253
17750.000000, 55.504, -152.6069
18000.000000, 54.598, -178.7345
18250.000000, 53.185, 152.9865
18500.000000, 51.156, 123.0755
18750.000000, 48.475, 92.2969
19000.000000, 45.205, 61.0615
19250.000000, 41.464, 29.0996
19500.000000, 37.351, -4.5167
19750.000000, 32.988, -41.1809
20000.000000, 29.386, -76.7805
