* Measurement data measured by REW V5.31.3
* Source: USB-C to 3.5mm Headphone Jack Adapter, USB-C to 3.5mm Headphone Jack Adapter, 0, volume: 0.470
* Format: 256k Log Swept Sine, 1 sweep at -12.0 dBFS with no timing reference
* Dated: Feb 23, 2025 6:18:08 AM
* REW Settings:
*  C-weighting compensation: Off
*  Target level: 75.0 dB
* Note: ; 
* Measurement: Kiwi Ears Crin Singolo L
* Smoothing: 1/24 octave
* Frequency Step: 1/48 octave
* Start Frequency: 1.000 Hz
*
* Freq(Hz), SPL(dB), Phase(degrees)
1.000000, 53.025, 11.2847
1.015000, 53.121, 11.0803
1.030000, 53.215, 10.8609
1.044000, 53.303, 10.6422
1.060000, 53.402, 10.3751
1.075000, 53.494, 10.1077
1.090000, 53.584, 9.8233
1.106000, 53.680, 9.5022
1.120000, 53.763, 9.2083
1.138000, 53.870, 8.8151
1.150000, 53.941, 8.5443
1.172000, 54.072, 8.0313
1.180000, 54.119, 7.8398
1.206000, 54.272, 7.2009
1.220000, 54.354, 6.8472
1.241000, 54.476, 6.3055
1.250000, 54.528, 6.0694
1.265000, 54.614, 5.6712
1.280000, 54.700, 5.2675
1.315000, 54.897, 4.3061
1.320000, 54.925, 4.1667
1.340000, 55.036, 3.6046
1.360000, 55.145, 3.0354
1.380000, 55.253, 2.4597
1.400000, 55.358, 1.8778
1.430000, 55.513, 0.9938
1.450000, 55.614, 0.3970
1.475000, 55.737, -0.3600
1.500000, 55.857, -1.1348
1.525000, 55.976, -1.9282
1.550000, 56.092, -2.7373
1.575000, 56.206, -3.5593
1.600000, 56.318, -4.3916
1.625000, 56.427, -5.2320
1.650000, 56.534, -6.0787
1.675000, 56.638, -6.9300
1.700000, 56.739, -7.7847
1.725000, 56.837, -8.6418
1.750000, 56.933, -9.5006
1.775000, 57.025, -10.3607
1.800000, 57.114, -11.2220
1.825000, 57.200, -12.0869
1.850000, 57.283, -12.9644
1.875000, 57.363, -13.8650
1.900000, 57.440, -14.7888
1.925000, 57.514, -15.7310
1.950000, 57.586, -16.6869
1.975000, 57.654, -17.6516
2.000000, 57.720, -18.6207
2.030000, 57.795, -19.7833
2.060000, 57.865, -20.9393
2.090000, 57.932, -22.0824
2.120000, 57.994, -23.2067
2.140000, 58.032, -23.9432
2.180000, 58.104, -25.3813
2.200000, 58.137, -26.0864
2.240000, 58.196, -27.5029
2.270000, 58.235, -28.5849
2.300000, 58.269, -29.6803
2.330000, 58.300, -30.7821
2.360000, 58.325, -31.8834
2.400000, 58.353, -33.3380
2.430000, 58.369, -34.4093
2.470000, 58.385, -35.7971
2.500000, 58.392, -36.7981
2.540000, 58.395, -38.0679
2.580000, 58.391, -39.2688
2.620000, 58.378, -40.4390
2.650000, 58.362, -41.3079
2.690000, 58.335, -42.4508
2.720000, 58.309, -43.2908
2.760000, 58.270, -44.3779
2.800000, 58.227, -45.4152
2.850000, 58.168, -46.6184
2.900000, 58.107, -47.6892
2.950000, 58.043, -48.6088
3.000000, 57.967, -49.3965
3.040000, 57.898, -49.9439
3.070000, 57.844, -50.3078
3.110000, 57.772, -50.7311
3.150000, 57.701, -51.0829
3.200000, 57.621, -51.4202
3.250000, 57.556, -51.6396
3.300000, 57.510, -51.7280
3.350000, 57.477, -51.6508
3.400000, 57.453, -51.4001
3.450000, 57.438, -51.0097
3.500000, 57.439, -50.5245
3.550000, 57.460, -49.9924
3.600000, 57.505, -49.4610
3.650000, 57.579, -48.9632
3.700000, 57.685, -48.4739
3.750000, 57.822, -47.9454
3.820000, 58.057, -47.1885
3.870000, 58.249, -46.7069
3.950000, 58.583, -46.1732
4.000000, 58.801, -46.0444
4.060000, 59.073, -46.0983
4.120000, 59.365, -46.3073
4.180000, 59.675, -46.6448
4.250000, 60.047, -47.2144
4.310000, 60.361, -47.8699
4.370000, 60.661, -48.6944
4.440000, 60.993, -49.8769
4.500000, 61.268, -51.0549
4.550000, 61.492, -52.1234
4.620000, 61.792, -53.7114
4.680000, 62.033, -55.1317
4.750000, 62.291, -56.8467
4.820000, 62.524, -58.6624
4.870000, 62.676, -60.0370
4.940000, 62.870, -62.0302
5.000000, 63.018, -63.7537
5.080000, 63.189, -66.0069
5.150000, 63.313, -67.9271
5.220000, 63.413, -69.8656
5.300000, 63.499, -72.1117
5.380000, 63.557, -74.3084
5.450000, 63.587, -76.1167
5.520000, 63.599, -77.7946
5.600000, 63.587, -79.6125
5.700000, 63.538, -81.7552
5.800000, 63.467, -83.6550
5.900000, 63.382, -85.2016
6.000000, 63.277, -86.4028
6.080000, 63.187, -87.1477
6.150000, 63.116, -87.6494
6.220000, 63.061, -88.0036
6.300000, 63.015, -88.1990
6.400000, 62.980, -88.1424
6.500000, 62.982, -87.8928
6.600000, 63.037, -87.5952
6.700000, 63.151, -87.2464
6.800000, 63.316, -86.8791
6.900000, 63.515, -86.6572
7.000000, 63.741, -86.6894
7.100000, 63.998, -86.9428
7.200000, 64.273, -87.4001
7.300000, 64.542, -88.0896
7.400000, 64.797, -89.0316
7.500000, 65.042, -90.1889
7.620000, 65.310, -91.7541
7.750000, 65.553, -93.6001
7.880000, 65.747, -95.6112
8.000000, 65.885, -97.4807
8.120000, 65.983, -99.2617
8.250000, 66.043, -101.1177
8.380000, 66.069, -102.8060
8.500000, 66.071, -104.1238
8.620000, 66.053, -105.2254
8.750000, 66.030, -106.1763
8.850000, 66.021, -106.7141
9.000000, 66.022, -107.2220
9.120000, 66.048, -107.4655
9.250000, 66.112, -107.6256
9.380000, 66.214, -107.7120
9.500000, 66.334, -107.8383
9.620000, 66.479, -108.0710
9.750000, 66.659, -108.4453
9.880000, 66.846, -108.9898
10.000000, 67.017, -109.6670
10.150000, 67.224, -110.7071
10.300000, 67.406, -111.9079
10.440000, 67.549, -113.1547
10.600000, 67.680, -114.6319
10.750000, 67.768, -115.9990
10.900000, 67.827, -117.3192
11.060000, 67.866, -118.5964
11.200000, 67.884, -119.5907
11.380000, 67.899, -120.6976
11.500000, 67.910, -121.3243
11.720000, 67.938, -122.3125
11.800000, 67.954, -122.6392
12.060000, 68.024, -123.6527
12.200000, 68.069, -124.2251
12.410000, 68.138, -125.1435
12.500000, 68.165, -125.5631
12.650000, 68.201, -126.2933
12.800000, 68.226, -127.0316
13.150000, 68.230, -128.6413
13.200000, 68.226, -128.8401
13.400000, 68.199, -129.5263
13.600000, 68.171, -130.0203
13.800000, 68.156, -130.3221
14.000000, 68.167, -130.4970
14.300000, 68.245, -130.6973
14.500000, 68.336, -130.9374
14.750000, 68.477, -131.4844
15.000000, 68.626, -132.3568
15.250000, 68.756, -133.5266
15.500000, 68.852, -134.8936
15.750000, 68.910, -136.3439
16.000000, 68.932, -137.7636
16.250000, 68.931, -139.0775
16.500000, 68.918, -140.2541
16.750000, 68.907, -141.3008
17.000000, 68.904, -142.2568
17.250000, 68.912, -143.1661
17.500000, 68.930, -144.0671
17.750000, 68.953, -144.9799
18.000000, 68.979, -145.9071
18.250000, 69.005, -146.8417
18.500000, 69.030, -147.7728
18.750000, 69.054, -148.6925
19.000000, 69.076, -149.5955
19.250000, 69.095, -150.4768
19.500000, 69.111, -151.3273
19.750000, 69.122, -152.1330
20.000000, 69.129, -152.8744
20.299999, 69.133, -153.6537
20.600000, 69.141, -154.2991
20.900000, 69.161, -154.8248
21.200001, 69.198, -155.2788
21.400000, 69.233, -155.5757
21.799999, 69.322, -156.2395
22.000000, 69.370, -156.6302
22.400000, 69.458, -157.5318
22.700001, 69.509, -158.2720
23.000000, 69.544, -159.0127
23.299999, 69.566, -159.7138
23.600000, 69.583, -160.3608
24.000000, 69.605, -161.1680
24.299999, 69.625, -161.7760
24.700001, 69.649, -162.6442
25.000000, 69.658, -163.3423
25.400000, 69.651, -164.2864
25.799999, 69.622, -165.1591
26.200001, 69.584, -165.8899
26.500000, 69.560, -166.3421
26.900000, 69.542, -166.8687
27.200001, 69.543, -167.2579
27.600000, 69.555, -167.8315
28.000000, 69.569, -168.4891
28.500000, 69.577, -169.3839
29.000000, 69.568, -170.2694
29.500000, 69.549, -171.0926
30.000000, 69.520, -171.8413
30.400000, 69.490, -172.3593
30.700001, 69.465, -172.6727
31.100000, 69.439, -172.9743
31.500000, 69.435, -173.1898
32.000000, 69.473, -173.5475
32.500000, 69.533, -174.2532
33.000000, 69.561, -175.3119
33.500000, 69.526, -176.4099
34.000000, 69.462, -177.2414
34.500000, 69.432, -177.8744
35.000000, 69.446, -178.7089
35.500000, 69.443, -179.9674
36.000000, 69.356, 178.6384
36.500000, 69.189, 177.6802
37.000000, 69.030, 177.4528
37.500000, 68.966, 177.6486
38.200001, 69.020, 177.5616
38.700001, 69.065, 177.0224
39.500000, 69.069, 176.0093
40.000000, 69.062, 175.4930
40.599998, 69.058, 174.8729
41.200001, 69.037, 174.2355
41.799999, 69.002, 173.7010
42.500000, 68.974, 173.1266
43.099998, 68.943, 172.5149
43.700001, 68.876, 171.9087
44.400002, 68.778, 171.4956
45.000000, 68.725, 171.3258
45.500000, 68.709, 171.1220
46.200001, 68.696, 170.5917
46.799999, 68.675, 169.9636
47.500000, 68.632, 169.1239
48.200001, 68.566, 168.2393
48.700001, 68.502, 167.6526
49.400002, 68.403, 167.0125
50.000000, 68.329, 166.6530
50.799999, 68.271, 166.2357
51.500000, 68.227, 165.7744
52.200001, 68.164, 165.4319
53.000000, 68.123, 165.4014
53.799999, 68.166, 165.1763
54.500000, 68.190, 164.4244
55.200001, 68.134, 163.5507
56.000000, 68.022, 162.9533
57.000000, 67.930, 162.5529
58.000000, 67.873, 161.9127
59.000000, 67.793, 161.2470
60.000000, 67.736, 160.8593
60.799999, 67.727, 160.4704
61.500000, 67.707, 159.9733
62.200001, 67.654, 159.4897
63.000000, 67.565, 159.1140
64.000000, 67.451, 158.9213
65.000000, 67.371, 158.6721
66.000000, 67.290, 158.0461
67.000000, 67.194, 157.3749
68.000000, 67.135, 156.7467
69.000000, 67.105, 156.1742
70.000000, 67.117, 155.8780
71.000000, 67.145, 155.5405
72.000000, 67.089, 155.5994
73.000000, 67.059, 156.5151
74.000000, 67.108, 156.9402
75.000000, 67.056, 156.3268
76.199997, 66.801, 155.3734
77.500000, 66.477, 154.7463
78.800003, 66.277, 154.1962
80.000000, 66.240, 153.4762
81.199997, 66.260, 152.5721
82.500000, 66.290, 151.9866
83.800003, 66.282, 151.7541
85.000000, 66.235, 151.8470
86.199997, 66.152, 151.7625
87.500000, 65.987, 151.4157
88.500000, 65.837, 151.2397
90.000000, 65.680, 151.0549
91.199997, 65.633, 150.9047
92.500000, 65.637, 150.3900
93.800003, 65.569, 149.7725
95.000000, 65.455, 149.6174
96.199997, 65.312, 149.6559
97.500000, 65.146, 149.8661
98.800003, 65.012, 149.8463
100.000000, 64.899, 149.4772
101.500000, 64.799, 148.9978
103.000000, 64.780, 148.4111
104.400002, 64.733, 147.7693
106.000000, 64.585, 147.8865
107.500000, 64.481, 148.4590
109.000000, 64.351, 148.4341
110.599998, 64.201, 148.0784
112.000000, 64.082, 147.7935
113.800003, 63.991, 148.4691
115.000000, 64.027, 149.4810
117.199997, 64.060, 150.5784
118.000000, 64.034, 150.9004
120.599998, 63.941, 149.6658
122.000000, 63.789, 148.5590
124.099998, 63.793, 147.7285
125.000000, 63.810, 147.1298
126.500000, 63.723, 146.6341
128.000000, 63.578, 147.3349
131.500000, 63.340, 148.6414
132.000000, 63.297, 148.7207
134.000000, 63.108, 149.3737
136.000000, 63.052, 149.6949
138.000000, 62.857, 148.2560
140.000000, 62.617, 147.6600
143.000000, 62.395, 146.7454
145.000000, 62.304, 147.2342
147.500000, 62.298, 146.3368
150.000000, 62.210, 145.3911
152.500000, 61.980, 146.1412
155.000000, 61.808, 148.2065
157.500000, 61.640, 147.5737
160.000000, 61.538, 146.7208
162.500000, 61.615, 146.0574
165.000000, 61.613, 147.0232
167.500000, 61.541, 148.6642
170.000000, 61.380, 149.3814
172.500000, 61.159, 149.6393
175.000000, 61.015, 149.8358
177.500000, 60.908, 149.9637
180.000000, 60.797, 150.2380
182.500000, 60.689, 150.7787
185.000000, 60.607, 151.5973
187.500000, 60.522, 152.2478
190.000000, 60.433, 152.7182
192.500000, 60.340, 152.3934
195.000000, 60.207, 152.6167
197.500000, 60.194, 153.6415
200.000000, 60.192, 153.9763
203.000000, 60.091, 154.3578
206.000000, 59.979, 154.6931
209.000000, 59.850, 155.3763
212.000000, 59.727, 156.8329
214.000000, 59.696, 157.7217
218.000000, 59.804, 158.3445
220.000000, 59.890, 158.0185
224.000000, 59.877, 157.8724
227.000000, 59.725, 159.1991
230.000000, 59.433, 160.3992
233.000000, 59.133, 161.0814
236.000000, 59.082, 161.5449
240.000000, 59.160, 162.5715
243.000000, 59.128, 163.1412
247.000000, 59.004, 163.3730
250.000000, 58.942, 164.7037
254.000000, 58.966, 166.2711
258.000000, 58.951, 166.9317
262.000000, 58.900, 167.4772
265.000000, 58.795, 168.0742
269.000000, 58.712, 169.3004
272.000000, 58.797, 170.1519
276.000000, 58.896, 170.6467
280.000000, 58.842, 171.1771
285.000000, 58.901, 172.6024
290.000000, 58.942, 173.7618
295.000000, 58.984, 174.7067
300.000000, 59.060, 175.7550
304.000000, 59.005, 176.5070
307.000000, 58.971, 177.2221
311.000000, 58.989, 178.2980
315.000000, 59.047, 178.5843
320.000000, 59.162, 178.4851
325.000000, 59.271, 178.9660
330.000000, 59.288, 179.7930
335.000000, 59.295, -179.5412
340.000000, 59.354, -179.0194
345.000000, 59.416, -178.5336
350.000000, 59.455, -178.2321
355.000000, 59.490, -178.1074
360.000000, 59.545, -177.8476
365.000000, 59.599, -177.5618
370.000000, 59.668, -177.3158
375.000000, 59.747, -177.1234
382.000000, 59.798, -177.0660
387.000000, 59.818, -176.8006
395.000000, 59.914, -176.5530
400.000000, 59.930, -176.5472
406.000000, 59.958, -176.5276
412.000000, 59.998, -176.3474
418.000000, 60.030, -175.9695
425.000000, 60.051, -175.8580
431.000000, 60.065, -176.0664
437.000000, 60.074, -176.1676
444.000000, 60.079, -176.1154
450.000000, 60.088, -175.9830
455.000000, 60.093, -175.9025
462.000000, 60.101, -175.8012
468.000000, 60.105, -175.8240
475.000000, 60.109, -175.8595
482.000000, 60.095, -175.8487
487.000000, 60.084, -175.8222
494.000000, 60.072, -175.7144
500.000000, 60.065, -175.6956
508.000000, 60.048, -175.5324
515.000000, 60.026, -175.4382
522.000000, 60.014, -175.4065
530.000000, 60.003, -175.2492
538.000000, 59.972, -175.0440
545.000000, 59.940, -174.8763
552.000000, 59.918, -174.6599
560.000000, 59.894, -174.4074
570.000000, 59.861, -174.1620
580.000000, 59.820, -173.8739
590.000000, 59.772, -173.6146
600.000000, 59.745, -173.2392
608.000000, 59.728, -172.9049
615.000000, 59.702, -172.6463
622.000000, 59.674, -172.3813
630.000000, 59.648, -172.0677
640.000000, 59.611, -171.6891
650.000000, 59.580, -171.2178
660.000000, 59.551, -170.7322
670.000000, 59.519, -170.2441
680.000000, 59.491, -169.7708
690.000000, 59.468, -169.2762
700.000000, 59.442, -168.8001
710.000000, 59.414, -168.2809
720.000000, 59.396, -167.7448
730.000000, 59.376, -167.1820
740.000000, 59.356, -166.6317
750.000000, 59.339, -166.0959
762.000000, 59.326, -165.3942
775.000000, 59.313, -164.5813
788.000000, 59.305, -163.7911
800.000000, 59.300, -163.0457
812.000000, 59.298, -162.3028
825.000000, 59.302, -161.5094
838.000000, 59.313, -160.6969
850.000000, 59.326, -159.9404
862.000000, 59.343, -159.1783
875.000000, 59.368, -158.3500
885.000000, 59.391, -157.7079
900.000000, 59.427, -156.7484
912.000000, 59.462, -155.9861
925.000000, 59.506, -155.1689
938.000000, 59.553, -154.3462
950.000000, 59.604, -153.5882
962.000000, 59.662, -152.8276
975.000000, 59.733, -151.9626
988.000000, 59.828, -151.0677
1000.000000, 59.942, -150.3422
1015.000000, 60.089, -149.7756
1030.000000, 60.206, -149.4278
1044.000000, 60.296, -149.0663
1060.000000, 60.397, -148.5842
1075.000000, 60.501, -148.1445
1090.000000, 60.609, -147.7578
1106.000000, 60.726, -147.4352
1120.000000, 60.828, -147.2386
1138.000000, 60.954, -147.1293
1150.000000, 61.028, -147.1556
1172.000000, 61.127, -147.3409
1180.000000, 61.145, -147.4198
1206.000000, 61.154, -147.4058
1220.000000, 61.150, -147.1354
1241.000000, 61.170, -146.4931
1250.000000, 61.191, -146.1844
1265.000000, 61.240, -145.6820
1280.000000, 61.300, -145.2260
1315.000000, 61.456, -144.3833
1320.000000, 61.478, -144.2849
1340.000000, 61.564, -143.9332
1360.000000, 61.646, -143.6227
1380.000000, 61.725, -143.3382
1400.000000, 61.802, -143.0634
1430.000000, 61.911, -142.6747
1450.000000, 61.979, -142.4211
1475.000000, 62.061, -142.1068
1500.000000, 62.142, -141.8055
1525.000000, 62.222, -141.4980
1550.000000, 62.301, -141.1808
1575.000000, 62.379, -140.8665
1600.000000, 62.456, -140.5489
1625.000000, 62.531, -140.2344
1650.000000, 62.608, -139.9215
1675.000000, 62.684, -139.6023
1700.000000, 62.761, -139.2873
1725.000000, 62.840, -138.9774
1750.000000, 62.919, -138.6788
1775.000000, 62.997, -138.3864
1800.000000, 63.077, -138.0886
1825.000000, 63.158, -137.8033
1850.000000, 63.238, -137.5305
1875.000000, 63.319, -137.2581
1900.000000, 63.402, -136.9814
1925.000000, 63.487, -136.7361
1950.000000, 63.572, -136.5067
1975.000000, 63.658, -136.2730
2000.000000, 63.744, -136.0489
2030.000000, 63.847, -135.7962
2060.000000, 63.951, -135.5673
2090.000000, 64.058, -135.3539
2120.000000, 64.164, -135.1591
2140.000000, 64.236, -135.0412
2180.000000, 64.379, -134.8242
2200.000000, 64.451, -134.7253
2240.000000, 64.596, -134.5486
2270.000000, 64.703, -134.4377
2300.000000, 64.813, -134.3403
2330.000000, 64.924, -134.2577
2360.000000, 65.038, -134.1921
2400.000000, 65.194, -134.1614
2430.000000, 65.312, -134.1953
2470.000000, 65.467, -134.3027
2500.000000, 65.579, -134.4253
2540.000000, 65.725, -134.6346
2580.000000, 65.867, -134.8801
2620.000000, 66.004, -135.1612
2650.000000, 66.104, -135.3949
2690.000000, 66.233, -135.7379
2720.000000, 66.329, -136.0147
2760.000000, 66.453, -136.4019
2800.000000, 66.574, -136.8096
2850.000000, 66.720, -137.3469
2900.000000, 66.865, -137.9136
2950.000000, 67.013, -138.5356
3000.000000, 67.162, -139.2638
3040.000000, 67.277, -139.9379
3070.000000, 67.358, -140.4924
3110.000000, 67.457, -141.2849
3150.000000, 67.546, -142.1203
3200.000000, 67.641, -143.1982
3250.000000, 67.721, -144.3003
3300.000000, 67.787, -145.4220
3350.000000, 67.841, -146.5600
3400.000000, 67.881, -147.7093
3450.000000, 67.909, -148.8602
3500.000000, 67.924, -150.0119
3550.000000, 67.927, -151.1637
3600.000000, 67.916, -152.3041
3650.000000, 67.894, -153.4224
3700.000000, 67.859, -154.5167
3750.000000, 67.813, -155.5819
3820.000000, 67.732, -157.0116
3870.000000, 67.665, -157.9836
3950.000000, 67.543, -159.4362
4000.000000, 67.462, -160.2914
4060.000000, 67.362, -161.2854
4120.000000, 67.256, -162.2682
4180.000000, 67.140, -163.2436
4250.000000, 66.990, -164.3468
4310.000000, 66.848, -165.2368
4370.000000, 66.696, -166.0583
4440.000000, 66.508, -166.9211
4500.000000, 66.340, -167.5808
4550.000000, 66.197, -168.0742
4620.000000, 65.993, -168.6810
4680.000000, 65.816, -169.1251
4750.000000, 65.606, -169.5569
4820.000000, 65.396, -169.8988
4870.000000, 65.246, -170.0891
4940.000000, 65.038, -170.2833
5000.000000, 64.862, -170.3905
5080.000000, 64.630, -170.4661
5150.000000, 64.431, -170.4769
5220.000000, 64.231, -170.4388
5300.000000, 64.000, -170.3204
5380.000000, 63.763, -170.0955
5450.000000, 63.553, -169.7236
5520.000000, 63.358, -169.0863
5600.000000, 63.202, -168.1835
5700.000000, 63.079, -167.5985
5800.000000, 62.901, -167.4113
5900.000000, 62.682, -167.0135
6000.000000, 62.463, -166.3461
6080.000000, 62.298, -165.6272
6150.000000, 62.170, -164.8765
6220.000000, 62.062, -164.0372
6300.000000, 61.968, -163.0179
6400.000000, 61.895, -161.7432
6500.000000, 61.867, -160.5359
6600.000000, 61.880, -159.4312
6700.000000, 61.934, -158.4551
6800.000000, 62.029, -157.6290
6900.000000, 62.163, -157.0064
7000.000000, 62.338, -156.6396
7100.000000, 62.553, -156.5711
7200.000000, 62.806, -156.8760
7300.000000, 63.091, -157.6427
7400.000000, 63.399, -158.9594
7500.000000, 63.714, -160.8998
7620.000000, 64.078, -164.1438
7750.000000, 64.411, -168.8211
7880.000000, 64.627, -174.7123
8000.000000, 64.665, 178.8669
8120.000000, 64.491, 171.7388
8250.000000, 64.008, 163.7266
8380.000000, 63.195, 156.1765
8500.000000, 62.178, 150.3652
8620.000000, 60.985, 146.2060
8750.000000, 59.614, 143.7820
8850.000000, 58.580, 143.3275
9000.000000, 57.166, 144.5317
9120.000000, 56.209, 146.6662
9250.000000, 55.379, 149.6077
9380.000000, 54.763, 152.6788
9500.000000, 54.358, 155.2350
9620.000000, 54.069, 157.2555
9750.000000, 53.832, 158.7199
9880.000000, 53.616, 159.4592
10000.000000, 53.400, 159.6466
10150.000000, 53.083, 159.5365
10300.000000, 52.712, 159.3722
10440.000000, 52.340, 159.3770
10600.000000, 51.919, 159.6647
10750.000000, 51.562, 160.1168
10900.000000, 51.247, 160.5939
11060.000000, 50.952, 161.0809
11200.000000, 50.729, 161.4984
11380.000000, 50.501, 161.9962
11500.000000, 50.390, 162.2710
11720.000000, 50.270, 162.5399
11800.000000, 50.254, 162.5350
12060.000000, 50.308, 162.0773
12200.000000, 50.401, 161.5368
12410.000000, 50.639, 160.2374
12500.000000, 50.779, 159.4700
12650.000000, 51.064, 157.8790
12800.000000, 51.421, 155.8408
13150.000000, 52.578, 148.7086
13200.000000, 52.783, 147.3272
13400.000000, 53.691, 140.5902
13600.000000, 54.694, 131.4723
13800.000000, 55.683, 119.5683
14000.000000, 56.514, 104.7509
14300.000000, 57.029, 78.2432
14500.000000, 56.778, 60.0340
14750.000000, 56.154, 38.6159
15000.000000, 55.605, 17.4617
15250.000000, 55.079, -5.4160
15500.000000, 54.332, -30.1720
15750.000000, 53.255, -56.1666
16000.000000, 51.821, -82.7780
16250.000000, 50.049, -109.3123
16500.000000, 48.015, -135.3658
16750.000000, 45.816, -160.7936
17000.000000, 43.535, 174.2012
17250.000000, 41.225, 149.2385
17500.000000, 38.915, 123.9943
17750.000000, 36.608, 98.0960
18000.000000, 34.336, 71.1755
18250.000000, 32.224, 42.6722
18500.000000, 30.463, 10.3826
18750.000000, 28.951, -27.9535
19000.000000, 27.276, -72.8322
19250.000000, 25.104, -124.2114
19500.000000, 22.289, 177.7864
19750.000000, 18.946, 110.8602
20000.000000, 16.124, 42.0264
