* Measurement data measured by REW V5.31.3
* Source: USB-C to 3.5mm Headphone Jack Adapter, USB-C to 3.5mm Headphone Jack Adapter, 0, volume: 0.470
* Format: 256k Log Swept Sine, 1 sweep at -12.0 dBFS with no timing reference
* Dated: Feb 2, 2025 9:19:54 AM
* REW Settings:
*  C-weighting compensation: Off
*  Target level: 75.0 dB
* Note: ; 
* Measurement: MOONDROP Classic R
* Smoothing: 1/24 octave
* Frequency Step: 1/48 octave
* Start Frequency: 1.000 Hz
*
* Freq(Hz), SPL(dB), Phase(degrees)
1.000000, 86.897, -8.5420
1.015000, 87.108, -9.4384
1.030000, 87.316, -10.3254
1.044000, 87.509, -11.1467
1.060000, 87.727, -12.0793
1.075000, 87.929, -12.9501
1.090000, 88.130, -13.8196
1.106000, 88.342, -14.7490
1.120000, 88.525, -15.5663
1.138000, 88.755, -16.6224
1.150000, 88.905, -17.3281
1.172000, 89.173, -18.6210
1.180000, 89.269, -19.0899
1.206000, 89.574, -20.6055
1.220000, 89.734, -21.4142
1.241000, 89.969, -22.6148
1.250000, 90.068, -23.1241
1.265000, 90.230, -23.9652
1.280000, 90.390, -24.7960
1.315000, 90.753, -26.6905
1.320000, 90.804, -26.9559
1.340000, 91.005, -28.0035
1.360000, 91.202, -29.0285
1.380000, 91.396, -30.0304
1.400000, 91.588, -31.0092
1.430000, 91.870, -32.4337
1.450000, 92.055, -33.3552
1.475000, 92.283, -34.4814
1.500000, 92.505, -35.5933
1.525000, 92.721, -36.6964
1.550000, 92.930, -37.7895
1.575000, 93.133, -38.8711
1.600000, 93.331, -39.9399
1.625000, 93.523, -40.9949
1.650000, 93.710, -42.0351
1.675000, 93.892, -43.0601
1.700000, 94.071, -44.0695
1.725000, 94.245, -45.0629
1.750000, 94.416, -46.0405
1.775000, 94.584, -47.0022
1.800000, 94.749, -47.9486
1.825000, 94.911, -48.8814
1.850000, 95.070, -49.8075
1.875000, 95.224, -50.7349
1.900000, 95.375, -51.6640
1.925000, 95.521, -52.5924
1.950000, 95.662, -53.5174
1.975000, 95.801, -54.4363
2.000000, 95.935, -55.3469
2.030000, 96.092, -56.4255
2.060000, 96.245, -57.4855
2.090000, 96.394, -58.5241
2.120000, 96.539, -59.5385
2.140000, 96.635, -60.2002
2.180000, 96.821, -61.4872
2.200000, 96.912, -62.1145
2.240000, 97.090, -63.3533
2.270000, 97.217, -64.2763
2.300000, 97.341, -65.1932
2.330000, 97.461, -66.1018
2.360000, 97.577, -66.9997
2.400000, 97.727, -68.1765
2.430000, 97.835, -69.0410
2.470000, 97.977, -70.1655
2.500000, 98.080, -70.9854
2.540000, 98.215, -72.0444
2.580000, 98.346, -73.0676
2.620000, 98.472, -74.0685
2.650000, 98.564, -74.8087
2.690000, 98.681, -75.7813
2.720000, 98.767, -76.4991
2.760000, 98.877, -77.4387
2.800000, 98.984, -78.3565
2.850000, 99.114, -79.4696
2.900000, 99.241, -80.5411
2.950000, 99.365, -81.5714
3.000000, 99.484, -82.5709
3.040000, 99.576, -83.3521
3.070000, 99.643, -83.9274
3.110000, 99.730, -84.6799
3.150000, 99.816, -85.4153
3.200000, 99.920, -86.3095
3.250000, 100.022, -87.1742
3.300000, 100.123, -88.0087
3.350000, 100.222, -88.8149
3.400000, 100.318, -89.5962
3.450000, 100.412, -90.3551
3.500000, 100.504, -91.0935
3.550000, 100.594, -91.8130
3.600000, 100.683, -92.5150
3.650000, 100.771, -93.2003
3.700000, 100.859, -93.8693
3.750000, 100.944, -94.5218
3.820000, 101.062, -95.4097
3.870000, 101.145, -96.0274
3.950000, 101.275, -96.9905
4.000000, 101.356, -97.5784
4.060000, 101.451, -98.2704
4.120000, 101.544, -98.9473
4.180000, 101.637, -99.6099
4.250000, 101.742, -100.3666
4.310000, 101.831, -101.0026
4.370000, 101.919, -101.6285
4.440000, 102.019, -102.3471
4.500000, 102.103, -102.9535
4.550000, 102.172, -103.4520
4.620000, 102.267, -104.1393
4.680000, 102.347, -104.7183
4.750000, 102.438, -105.3821
4.820000, 102.527, -106.0347
4.870000, 102.589, -106.4947
4.940000, 102.674, -107.1297
5.000000, 102.746, -107.6651
5.080000, 102.839, -108.3650
5.150000, 102.918, -108.9643
5.220000, 102.995, -109.5530
5.300000, 103.081, -110.2134
5.380000, 103.165, -110.8594
5.450000, 103.236, -111.4115
5.520000, 103.305, -111.9514
5.600000, 103.383, -112.5548
5.700000, 103.477, -113.2897
5.800000, 103.568, -114.0013
5.900000, 103.657, -114.6886
6.000000, 103.743, -115.3529
6.080000, 103.811, -115.8691
6.150000, 103.869, -116.3100
6.220000, 103.926, -116.7408
6.300000, 103.991, -117.2207
6.400000, 104.072, -117.8031
6.500000, 104.151, -118.3693
6.600000, 104.229, -118.9220
6.700000, 104.308, -119.4610
6.800000, 104.385, -119.9879
6.900000, 104.463, -120.5080
7.000000, 104.540, -121.0248
7.100000, 104.617, -121.5376
7.200000, 104.693, -122.0480
7.300000, 104.767, -122.5596
7.400000, 104.841, -123.0748
7.500000, 104.913, -123.5928
7.620000, 104.996, -124.2157
7.750000, 105.082, -124.8921
7.880000, 105.163, -125.5708
8.000000, 105.233, -126.1897
8.120000, 105.297, -126.7943
8.250000, 105.361, -127.4342
8.380000, 105.421, -128.0462
8.500000, 105.471, -128.5770
8.620000, 105.518, -129.0760
8.750000, 105.568, -129.5781
8.850000, 105.607, -129.9333
9.000000, 105.665, -130.4189
9.120000, 105.715, -130.7779
9.250000, 105.774, -131.1426
9.380000, 105.839, -131.4885
9.500000, 105.903, -131.8110
9.620000, 105.972, -132.1465
9.750000, 106.052, -132.5289
9.880000, 106.136, -132.9487
10.000000, 106.214, -133.3787
10.150000, 106.312, -133.9710
10.300000, 106.406, -134.6274
10.440000, 106.488, -135.2975
10.600000, 106.571, -136.1092
10.750000, 106.637, -136.9007
10.900000, 106.691, -137.7061
11.060000, 106.734, -138.5472
11.200000, 106.761, -139.2589
11.380000, 106.785, -140.1142
11.500000, 106.796, -140.6372
11.720000, 106.808, -141.4974
11.800000, 106.813, -141.7772
12.060000, 106.831, -142.5833
12.200000, 106.845, -142.9688
12.410000, 106.875, -143.5074
12.500000, 106.890, -143.7335
12.650000, 106.919, -144.1091
12.800000, 106.950, -144.4901
13.150000, 107.029, -145.4225
13.200000, 107.040, -145.5600
13.400000, 107.083, -146.1178
13.600000, 107.124, -146.6807
13.800000, 107.163, -147.2424
14.000000, 107.200, -147.8012
14.300000, 107.254, -148.6366
14.500000, 107.288, -149.1967
14.750000, 107.326, -149.8985
15.000000, 107.356, -150.5889
15.250000, 107.377, -151.2394
15.500000, 107.391, -151.8167
15.750000, 107.404, -152.2998
16.000000, 107.424, -152.6887
16.250000, 107.458, -153.0201
16.500000, 107.509, -153.3494
16.750000, 107.575, -153.7411
17.000000, 107.646, -154.2394
17.250000, 107.714, -154.8512
17.500000, 107.766, -155.5473
17.750000, 107.798, -156.2662
18.000000, 107.811, -156.9424
18.250000, 107.810, -157.5228
18.500000, 107.808, -157.9873
18.750000, 107.813, -158.3561
19.000000, 107.831, -158.6768
19.250000, 107.863, -159.0125
19.500000, 107.902, -159.4078
19.750000, 107.941, -159.8789
20.000000, 107.972, -160.4088
20.299999, 107.991, -161.0636
20.600000, 107.995, -161.6668
20.900000, 107.993, -162.1721
21.200001, 107.996, -162.5873
21.400000, 108.006, -162.8408
21.799999, 108.041, -163.3797
22.000000, 108.062, -163.6929
22.400000, 108.097, -164.4097
22.700001, 108.108, -164.9759
23.000000, 108.107, -165.5038
23.299999, 108.101, -165.9540
23.600000, 108.098, -166.3222
24.000000, 108.108, -166.7415
24.299999, 108.128, -167.0607
24.700001, 108.162, -167.5511
25.000000, 108.185, -167.9683
25.400000, 108.206, -168.5493
25.799999, 108.219, -169.1066
26.200001, 108.229, -169.6168
26.500000, 108.238, -169.9775
26.900000, 108.251, -170.4516
27.200001, 108.262, -170.8103
27.600000, 108.272, -171.2875
28.000000, 108.280, -171.7479
28.500000, 108.289, -172.2881
29.000000, 108.301, -172.8098
29.500000, 108.316, -173.3472
30.000000, 108.327, -173.9054
30.400000, 108.332, -174.3489
30.700001, 108.334, -174.6692
31.100000, 108.335, -175.0746
31.500000, 108.338, -175.4592
32.000000, 108.344, -175.9252
32.500000, 108.351, -176.3875
33.000000, 108.359, -176.8503
33.500000, 108.367, -177.3143
34.000000, 108.373, -177.7778
34.500000, 108.375, -178.2320
35.000000, 108.376, -178.6638
35.500000, 108.376, -179.0706
36.000000, 108.379, -179.4657
36.500000, 108.383, -179.8683
37.000000, 108.386, 179.7126
37.500000, 108.387, 179.2803
38.200001, 108.382, 178.6685
38.700001, 108.375, 178.2398
39.500000, 108.358, 177.6035
40.000000, 108.349, 177.2439
40.599998, 108.346, 176.8217
41.200001, 108.348, 176.3678
41.799999, 108.347, 175.8803
42.500000, 108.339, 175.3278
43.099998, 108.333, 174.8955
43.700001, 108.332, 174.4701
44.400002, 108.331, 173.9407
45.000000, 108.323, 173.4803
45.500000, 108.313, 173.1214
46.200001, 108.298, 172.6654
46.799999, 108.289, 172.2938
47.500000, 108.279, 171.8548
48.200001, 108.269, 171.4001
48.700001, 108.259, 171.0712
49.400002, 108.242, 170.6276
50.000000, 108.226, 170.2755
50.799999, 108.211, 169.8151
51.500000, 108.199, 169.3892
52.200001, 108.183, 168.9556
53.000000, 108.163, 168.4768
53.799999, 108.141, 168.0195
54.500000, 108.121, 167.6439
55.200001, 108.105, 167.2863
56.000000, 108.089, 166.8753
57.000000, 108.072, 166.3362
58.000000, 108.052, 165.7591
59.000000, 108.024, 165.1992
60.000000, 107.997, 164.6793
60.799999, 107.976, 164.2531
61.500000, 107.955, 163.8854
62.200001, 107.933, 163.5377
63.000000, 107.911, 163.1552
64.000000, 107.883, 162.6792
65.000000, 107.855, 162.2029
66.000000, 107.823, 161.7481
67.000000, 107.792, 161.3123
68.000000, 107.759, 160.8644
69.000000, 107.722, 160.4188
70.000000, 107.683, 160.0046
71.000000, 107.646, 159.6256
72.000000, 107.615, 159.2504
73.000000, 107.587, 158.8531
74.000000, 107.559, 158.4399
75.000000, 107.527, 158.0201
76.199997, 107.483, 157.5269
77.500000, 107.430, 157.0176
78.800003, 107.374, 156.5375
80.000000, 107.327, 156.0903
81.199997, 107.281, 155.6173
82.500000, 107.233, 155.0885
83.800003, 107.182, 154.5615
85.000000, 107.133, 154.1027
86.199997, 107.081, 153.6838
87.500000, 107.025, 153.2553
88.500000, 106.980, 152.9200
90.000000, 106.909, 152.3857
91.199997, 106.850, 151.9587
92.500000, 106.789, 151.4799
93.800003, 106.728, 151.0259
95.000000, 106.676, 150.6390
96.199997, 106.627, 150.2624
97.500000, 106.575, 149.8655
98.800003, 106.519, 149.4665
100.000000, 106.464, 149.1105
101.500000, 106.393, 148.6649
103.000000, 106.321, 148.2433
104.400002, 106.255, 147.8583
106.000000, 106.179, 147.4570
107.500000, 106.111, 147.0869
109.000000, 106.040, 146.7155
110.599998, 105.962, 146.3370
112.000000, 105.893, 146.0181
113.800003, 105.805, 145.6319
115.000000, 105.748, 145.3701
117.199997, 105.642, 144.9035
118.000000, 105.604, 144.7338
120.599998, 105.474, 144.2076
122.000000, 105.405, 143.9951
124.099998, 105.306, 143.6776
125.000000, 105.264, 143.5411
126.500000, 105.193, 143.3207
128.000000, 105.123, 143.1071
131.500000, 104.960, 142.6712
132.000000, 104.938, 142.6160
134.000000, 104.844, 142.3815
136.000000, 104.745, 142.1847
138.000000, 104.650, 141.9963
140.000000, 104.557, 141.8148
143.000000, 104.425, 141.6098
145.000000, 104.340, 141.4708
147.500000, 104.233, 141.3365
150.000000, 104.130, 141.2444
152.500000, 104.028, 141.1921
155.000000, 103.927, 141.1607
157.500000, 103.828, 141.1678
160.000000, 103.738, 141.2167
162.500000, 103.650, 141.2480
165.000000, 103.561, 141.2748
167.500000, 103.478, 141.3215
170.000000, 103.402, 141.3806
172.500000, 103.326, 141.4594
175.000000, 103.252, 141.5684
177.500000, 103.182, 141.6865
180.000000, 103.115, 141.8077
182.500000, 103.047, 141.9445
185.000000, 102.977, 142.1151
187.500000, 102.912, 142.3745
190.000000, 102.862, 142.7253
192.500000, 102.840, 143.0787
195.000000, 102.843, 143.3003
197.500000, 102.849, 143.3658
200.000000, 102.841, 143.3644
203.000000, 102.811, 143.3609
206.000000, 102.773, 143.3484
209.000000, 102.737, 143.3783
212.000000, 102.709, 143.4492
214.000000, 102.692, 143.5026
218.000000, 102.664, 143.5989
220.000000, 102.653, 143.6355
224.000000, 102.632, 143.6918
227.000000, 102.622, 143.7114
230.000000, 102.613, 143.7161
233.000000, 102.602, 143.7276
236.000000, 102.590, 143.7112
240.000000, 102.577, 143.6346
243.000000, 102.571, 143.5719
247.000000, 102.561, 143.5401
250.000000, 102.553, 143.5182
254.000000, 102.540, 143.4503
258.000000, 102.523, 143.4294
262.000000, 102.512, 143.5156
265.000000, 102.520, 143.6339
269.000000, 102.563, 143.7803
272.000000, 102.613, 143.7590
276.000000, 102.674, 143.4745
280.000000, 102.709, 143.0338
285.000000, 102.722, 142.4869
290.000000, 102.716, 142.0090
295.000000, 102.701, 141.5286
300.000000, 102.687, 141.0534
304.000000, 102.679, 140.7310
307.000000, 102.672, 140.5062
311.000000, 102.662, 140.2098
315.000000, 102.653, 139.8965
320.000000, 102.644, 139.5225
325.000000, 102.634, 139.1532
330.000000, 102.623, 138.7715
335.000000, 102.615, 138.3893
340.000000, 102.609, 138.0058
345.000000, 102.596, 137.6697
350.000000, 102.579, 137.3301
355.000000, 102.565, 136.9522
360.000000, 102.558, 136.5626
365.000000, 102.554, 136.2211
370.000000, 102.547, 135.8849
375.000000, 102.541, 135.5595
382.000000, 102.525, 135.1328
387.000000, 102.513, 134.8270
395.000000, 102.499, 134.3250
400.000000, 102.490, 133.9556
406.000000, 102.493, 133.5029
412.000000, 102.500, 133.1620
418.000000, 102.495, 132.8375
425.000000, 102.490, 132.3797
431.000000, 102.496, 131.9456
437.000000, 102.503, 131.5267
444.000000, 102.506, 131.0464
450.000000, 102.512, 130.6612
455.000000, 102.521, 130.2939
462.000000, 102.530, 129.7256
468.000000, 102.527, 129.2960
475.000000, 102.521, 128.9335
482.000000, 102.539, 128.6631
487.000000, 102.561, 128.4261
494.000000, 102.587, 128.0927
500.000000, 102.610, 127.9076
508.000000, 102.645, 127.8669
515.000000, 102.670, 127.9825
522.000000, 102.687, 128.1140
530.000000, 102.704, 128.2111
538.000000, 102.721, 128.2771
545.000000, 102.731, 128.3373
552.000000, 102.741, 128.4143
560.000000, 102.753, 128.5305
570.000000, 102.762, 128.6664
580.000000, 102.775, 128.7648
590.000000, 102.781, 128.8630
600.000000, 102.784, 128.9805
608.000000, 102.786, 129.1109
615.000000, 102.784, 129.2365
622.000000, 102.785, 129.3941
630.000000, 102.788, 129.5887
640.000000, 102.786, 129.7714
650.000000, 102.780, 129.9689
660.000000, 102.771, 130.2232
670.000000, 102.761, 130.5063
680.000000, 102.749, 130.8148
690.000000, 102.739, 131.1447
700.000000, 102.727, 131.5172
710.000000, 102.709, 131.8963
720.000000, 102.691, 132.2838
730.000000, 102.676, 132.6920
740.000000, 102.663, 133.1225
750.000000, 102.651, 133.6209
762.000000, 102.636, 134.2692
775.000000, 102.617, 134.9826
788.000000, 102.597, 135.7000
800.000000, 102.579, 136.4532
812.000000, 102.561, 137.2382
825.000000, 102.550, 138.1224
838.000000, 102.542, 139.0216
850.000000, 102.535, 139.8937
862.000000, 102.531, 140.8027
875.000000, 102.528, 141.8056
885.000000, 102.527, 142.6013
900.000000, 102.537, 143.8297
912.000000, 102.550, 144.8448
925.000000, 102.565, 145.9805
938.000000, 102.585, 147.1340
950.000000, 102.610, 148.1844
962.000000, 102.638, 149.2437
975.000000, 102.671, 150.4116
988.000000, 102.708, 151.5790
1000.000000, 102.747, 152.6671
1015.000000, 102.799, 154.0264
1030.000000, 102.859, 155.3605
1044.000000, 102.921, 156.6053
1060.000000, 102.990, 158.0127
1075.000000, 103.055, 159.2988
1090.000000, 103.120, 160.5334
1106.000000, 103.179, 161.8433
1120.000000, 103.224, 163.0881
1138.000000, 103.300, 164.7994
1150.000000, 103.362, 165.9011
1172.000000, 103.480, 167.7849
1180.000000, 103.522, 168.4513
1206.000000, 103.644, 170.5940
1220.000000, 103.701, 171.7586
1241.000000, 103.789, 173.5284
1250.000000, 103.829, 174.2831
1265.000000, 103.897, 175.5378
1280.000000, 103.964, 176.8109
1315.000000, 104.096, 179.8079
1320.000000, 104.114, -179.7614
1340.000000, 104.186, -178.0364
1360.000000, 104.261, -176.2765
1380.000000, 104.332, -174.4890
1400.000000, 104.403, -172.6818
1430.000000, 104.506, -169.9404
1450.000000, 104.571, -168.0806
1475.000000, 104.654, -165.7342
1500.000000, 104.736, -163.3426
1525.000000, 104.816, -160.9104
1550.000000, 104.920, -158.4828
1575.000000, 105.032, -156.5858
1600.000000, 105.096, -155.4677
1625.000000, 105.139, -155.1075
1650.000000, 105.211, -155.0675
1675.000000, 105.292, -154.9991
1700.000000, 105.375, -154.9573
1725.000000, 105.456, -154.9372
1750.000000, 105.536, -154.9228
1775.000000, 105.613, -154.9378
1800.000000, 105.687, -154.9762
1825.000000, 105.759, -154.9992
1850.000000, 105.836, -155.0263
1875.000000, 105.914, -155.0625
1900.000000, 105.989, -155.1175
1925.000000, 106.064, -155.2028
1950.000000, 106.138, -155.2699
1975.000000, 106.208, -155.3443
2000.000000, 106.275, -155.4414
2030.000000, 106.356, -155.5707
2060.000000, 106.436, -155.6996
2090.000000, 106.514, -155.8239
2120.000000, 106.598, -155.9186
2140.000000, 106.658, -155.9761
2180.000000, 106.788, -156.2161
2200.000000, 106.853, -156.4003
2240.000000, 106.969, -156.8422
2270.000000, 107.044, -157.2050
2300.000000, 107.115, -157.5520
2330.000000, 107.186, -157.8880
2360.000000, 107.254, -158.2455
2400.000000, 107.338, -158.7616
2430.000000, 107.396, -159.1839
2470.000000, 107.476, -159.6924
2500.000000, 107.539, -160.0754
2540.000000, 107.613, -160.6448
2580.000000, 107.680, -161.2477
2620.000000, 107.749, -161.9042
2650.000000, 107.797, -162.4099
2690.000000, 107.851, -163.0581
2720.000000, 107.887, -163.5309
2760.000000, 107.930, -164.2121
2800.000000, 107.975, -164.9850
2850.000000, 108.026, -165.9904
2900.000000, 108.064, -166.9668
2950.000000, 108.073, -168.0092
3000.000000, 108.062, -169.0636
3040.000000, 108.050, -169.8673
3070.000000, 108.038, -170.4659
3110.000000, 108.016, -171.2989
3150.000000, 107.986, -172.1614
3200.000000, 107.934, -173.2146
3250.000000, 107.862, -174.2302
3300.000000, 107.769, -175.1757
3350.000000, 107.657, -176.0189
3400.000000, 107.533, -176.7287
3450.000000, 107.405, -177.2847
3500.000000, 107.292, -177.6954
3550.000000, 107.199, -178.0356
3600.000000, 107.121, -178.4190
3650.000000, 107.048, -178.9851
3700.000000, 106.958, -179.7173
3750.000000, 106.833, 179.5209
3820.000000, 106.606, 178.6207
3870.000000, 106.421, 178.1714
3950.000000, 106.110, 177.7624
4000.000000, 105.909, 177.6917
4060.000000, 105.672, 177.8178
4120.000000, 105.440, 178.1246
4180.000000, 105.210, 178.6029
4250.000000, 104.956, 179.3631
4310.000000, 104.754, -179.8577
4370.000000, 104.562, -178.9217
4440.000000, 104.356, -177.5959
4500.000000, 104.211, -176.2684
4550.000000, 104.119, -175.0845
4620.000000, 104.034, -173.4417
4680.000000, 103.992, -172.0911
4750.000000, 103.968, -170.5849
4820.000000, 103.971, -169.1424
4870.000000, 103.992, -168.1688
4940.000000, 104.048, -166.9394
5000.000000, 104.114, -166.0173
5080.000000, 104.213, -165.0044
5150.000000, 104.302, -164.3035
5220.000000, 104.391, -163.7691
5300.000000, 104.495, -163.3636
5380.000000, 104.587, -163.1489
5450.000000, 104.651, -163.1005
5520.000000, 104.700, -163.1424
5600.000000, 104.735, -163.2644
5700.000000, 104.741, -163.4573
5800.000000, 104.714, -163.5615
5900.000000, 104.664, -163.5433
6000.000000, 104.603, -163.4393
6080.000000, 104.550, -163.2876
6150.000000, 104.499, -163.0858
6220.000000, 104.445, -162.8154
6300.000000, 104.381, -162.4158
6400.000000, 104.301, -161.7918
6500.000000, 104.226, -161.0430
6600.000000, 104.160, -160.1082
6700.000000, 104.108, -158.9084
6800.000000, 104.083, -157.4396
6900.000000, 104.109, -155.7632
7000.000000, 104.205, -153.8927
7100.000000, 104.382, -151.8993
7200.000000, 104.656, -149.8866
7300.000000, 105.050, -147.9990
7400.000000, 105.595, -146.4799
7500.000000, 106.312, -145.7582
7620.000000, 107.373, -146.8727
7750.000000, 108.593, -151.9222
7880.000000, 109.460, -161.4413
8000.000000, 109.563, -172.4003
8120.000000, 108.950, 177.6534
8250.000000, 107.811, 170.3798
8380.000000, 106.612, 166.7222
8500.000000, 105.658, 165.2840
8620.000000, 104.853, 164.5025
8750.000000, 104.038, 163.7845
8850.000000, 103.394, 163.4255
9000.000000, 102.388, 163.7237
9120.000000, 101.584, 165.0123
9250.000000, 100.779, 167.4348
9380.000000, 100.086, 170.8597
9500.000000, 99.538, 175.7667
9620.000000, 99.126, -175.5325
9750.000000, 98.833, -161.9856
9880.000000, 98.604, -146.8015
10000.000000, 98.427, -132.5327
10150.000000, 98.254, -114.6252
10300.000000, 98.133, -96.5808
10440.000000, 98.062, -79.5684
10600.000000, 98.037, -59.8291
10750.000000, 98.094, -40.9835
10900.000000, 98.245, -21.9101
11060.000000, 98.514, -1.5061
11200.000000, 98.836, 16.3477
11380.000000, 99.376, 39.2724
11500.000000, 99.826, 54.5181
11720.000000, 100.880, 82.2414
11800.000000, 101.349, 92.1625
12060.000000, 103.274, 122.9836
12200.000000, 104.571, 137.7395
12410.000000, 106.717, 155.0990
12500.000000, 107.604, 160.1242
12650.000000, 108.805, 165.0524
12800.000000, 109.407, 166.7409
13150.000000, 107.746, 170.6857
13200.000000, 107.099, 171.5324
13400.000000, 102.733, 172.9891
13600.000000, 95.125, 172.6591
13800.000000, 85.401, 172.5621
14000.000000, 74.554, 171.9507
14300.000000, 57.297, 153.6521
14500.000000, 46.308, 147.3753
14750.000000, 39.745, 104.6558
15000.000000, 39.402, -119.5184
15250.000000, 39.285, -117.5145
15500.000000, 39.437, 110.1070
15750.000000, 39.804, 77.0356
16000.000000, 39.850, 75.6638
16250.000000, 40.015, 94.4233
16500.000000, 39.973, 85.5048
16750.000000, 39.937, 79.1406
17000.000000, 39.957, 82.3066
17250.000000, 40.605, 94.1011
17500.000000, 42.727, 76.6109
17750.000000, 45.030, -31.1325
18000.000000, 44.626, -102.2252
18250.000000, 45.137, -119.6134
18500.000000, 46.273, -111.6106
18750.000000, 43.665, -89.6309
19000.000000, 39.894, -111.3229
19250.000000, 37.282, 164.2945
19500.000000, 35.098, 106.2072
19750.000000, 32.751, 100.0456
20000.000000, 30.769, 127.1736
