* Measurement data measured by REW V5.31.3
* Source: USB-C to 3.5mm Headphone Jack Adapter, USB-C to 3.5mm Headphone Jack Adapter, 0, volume: 0.264
* Format: 256k Log Swept Sine, 1 sweep at -12.0 dBFS with no timing reference
* Dated: Feb 24, 2025 12:42:05 AM
* REW Settings:
*  C-weighting compensation: Off
*  Target level: 75.0 dB
* Note: ; 
* Measurement: Nightjar Singularity L
* Smoothing: 1/24 octave
* Frequency Step: 1/48 octave
* Start Frequency: 1.000 Hz
*
* Freq(Hz), SPL(dB), Phase(degrees)
1.000000, 63.676, -38.2867
1.015000, 63.861, -39.0214
1.030000, 64.044, -39.7551
1.044000, 64.212, -40.4403
1.060000, 64.402, -41.2252
1.075000, 64.577, -41.9645
1.090000, 64.751, -42.7088
1.106000, 64.933, -43.5107
1.120000, 65.089, -44.2214
1.138000, 65.287, -45.1465
1.150000, 65.416, -45.7687
1.172000, 65.647, -46.9164
1.180000, 65.730, -47.3350
1.206000, 65.992, -48.6962
1.220000, 66.130, -49.4274
1.241000, 66.333, -50.5188
1.250000, 66.419, -50.9840
1.265000, 66.559, -51.7549
1.280000, 66.697, -52.5195
1.315000, 67.010, -54.2755
1.320000, 67.054, -54.5228
1.340000, 67.226, -55.5023
1.360000, 67.396, -56.4658
1.380000, 67.562, -57.4126
1.400000, 67.724, -58.3424
1.430000, 67.963, -59.7050
1.450000, 68.119, -60.5927
1.475000, 68.310, -61.6864
1.500000, 68.496, -62.7798
1.525000, 68.674, -63.8784
1.550000, 68.847, -64.9791
1.575000, 69.014, -66.0781
1.600000, 69.176, -67.1720
1.625000, 69.332, -68.2579
1.650000, 69.483, -69.3333
1.675000, 69.630, -70.3960
1.700000, 69.772, -71.4441
1.725000, 69.910, -72.4761
1.750000, 70.044, -73.4907
1.775000, 70.174, -74.4869
1.800000, 70.301, -75.4643
1.825000, 70.425, -76.4248
1.850000, 70.546, -77.3791
1.875000, 70.661, -78.3404
1.900000, 70.773, -79.3105
1.925000, 70.879, -80.2861
1.950000, 70.981, -81.2632
1.975000, 71.079, -82.2381
2.000000, 71.174, -83.2071
2.030000, 71.282, -84.3572
2.060000, 71.386, -85.4880
2.090000, 71.485, -86.5942
2.120000, 71.581, -87.6707
2.140000, 71.642, -88.3695
2.180000, 71.761, -89.7181
2.200000, 71.818, -90.3700
2.240000, 71.927, -91.6545
2.270000, 72.002, -92.6130
2.300000, 72.072, -93.5669
2.330000, 72.138, -94.5131
2.360000, 72.200, -95.4482
2.400000, 72.277, -96.6715
2.430000, 72.331, -97.5665
2.470000, 72.399, -98.7225
2.500000, 72.448, -99.5567
2.540000, 72.511, -100.6187
2.580000, 72.570, -101.6243
2.620000, 72.624, -102.5903
2.650000, 72.661, -103.2957
2.690000, 72.705, -104.2118
2.720000, 72.736, -104.8804
2.760000, 72.774, -105.7462
2.800000, 72.810, -106.5809
2.850000, 72.853, -107.5767
2.900000, 72.897, -108.5143
2.950000, 72.941, -109.3880
3.000000, 72.983, -110.1979
3.040000, 73.015, -110.8050
3.070000, 73.039, -111.2397
3.110000, 73.069, -111.7953
3.150000, 73.100, -112.3274
3.200000, 73.141, -112.9653
3.250000, 73.185, -113.5786
3.300000, 73.233, -114.1682
3.350000, 73.286, -114.7211
3.400000, 73.341, -115.2312
3.450000, 73.399, -115.7090
3.500000, 73.460, -116.1683
3.550000, 73.524, -116.6230
3.600000, 73.590, -117.0859
3.650000, 73.659, -117.5660
3.700000, 73.732, -118.0583
3.750000, 73.810, -118.5493
3.820000, 73.923, -119.2357
3.870000, 74.007, -119.7343
3.950000, 74.141, -120.5674
4.000000, 74.223, -121.1210
4.060000, 74.321, -121.8240
4.120000, 74.420, -122.5626
4.180000, 74.518, -123.3290
4.250000, 74.631, -124.2524
4.310000, 74.724, -125.0659
4.370000, 74.810, -125.8996
4.440000, 74.903, -126.9074
4.500000, 74.977, -127.8090
4.550000, 75.035, -128.5805
4.620000, 75.110, -129.6744
4.680000, 75.167, -130.6098
4.750000, 75.223, -131.6863
4.820000, 75.269, -132.7595
4.870000, 75.296, -133.5349
4.940000, 75.325, -134.6235
5.000000, 75.342, -135.5422
5.080000, 75.356, -136.7181
5.150000, 75.359, -137.6886
5.220000, 75.352, -138.6204
5.300000, 75.334, -139.6456
5.380000, 75.307, -140.6102
5.450000, 75.281, -141.3849
5.520000, 75.252, -142.0825
5.600000, 75.213, -142.7897
5.700000, 75.160, -143.5544
5.800000, 75.111, -144.1952
5.900000, 75.072, -144.7045
6.000000, 75.043, -145.0660
6.080000, 75.028, -145.2734
6.150000, 75.023, -145.4229
6.220000, 75.029, -145.5578
6.300000, 75.049, -145.6863
6.400000, 75.093, -145.8033
6.500000, 75.154, -145.9301
6.600000, 75.231, -146.1313
6.700000, 75.326, -146.4096
6.800000, 75.434, -146.7568
6.900000, 75.548, -147.2027
7.000000, 75.662, -147.7745
7.100000, 75.777, -148.4675
7.200000, 75.888, -149.2577
7.300000, 75.989, -150.1281
7.400000, 76.077, -151.0841
7.500000, 76.151, -152.1230
7.620000, 76.219, -153.4169
7.750000, 76.263, -154.8187
7.880000, 76.276, -156.2319
8.000000, 76.262, -157.4812
8.120000, 76.226, -158.6115
8.250000, 76.163, -159.7088
8.380000, 76.084, -160.6372
8.500000, 76.006, -161.2953
8.620000, 75.922, -161.7648
8.750000, 75.841, -162.0874
8.850000, 75.791, -162.2062
9.000000, 75.741, -162.1855
9.120000, 75.727, -162.0813
9.250000, 75.744, -161.9424
9.380000, 75.794, -161.8013
9.500000, 75.862, -161.7499
9.620000, 75.947, -161.8220
9.750000, 76.057, -162.0383
9.880000, 76.169, -162.4212
10.000000, 76.268, -162.9379
10.150000, 76.382, -163.7694
10.300000, 76.472, -164.7528
10.440000, 76.527, -165.7902
10.600000, 76.556, -167.0277
10.750000, 76.546, -168.1715
10.900000, 76.502, -169.2617
11.060000, 76.423, -170.2701
11.200000, 76.330, -170.9953
11.380000, 76.193, -171.6557
11.500000, 76.095, -171.8987
11.720000, 75.922, -171.9373
11.800000, 75.867, -171.8206
12.060000, 75.738, -171.0261
12.200000, 75.714, -170.4061
12.410000, 75.747, -169.3596
12.500000, 75.789, -168.9243
12.650000, 75.896, -168.2638
12.800000, 76.044, -167.7735
13.150000, 76.505, -167.6504
13.200000, 76.578, -167.7766
13.400000, 76.869, -168.6623
13.600000, 77.134, -170.1418
13.800000, 77.346, -172.1655
14.000000, 77.477, -174.5951
14.300000, 77.480, -178.6797
14.500000, 77.333, 178.6095
14.750000, 76.976, 175.6905
15.000000, 76.449, 173.8022
15.250000, 75.825, 173.5714
15.500000, 75.255, 175.3482
15.750000, 74.925, 178.8766
16.000000, 74.986, -177.0521
16.250000, 75.389, -174.0298
16.500000, 75.969, -172.9392
16.750000, 76.528, -173.8089
17.000000, 76.945, -176.0826
17.250000, 77.164, -179.1140
17.500000, 77.177, 177.7174
17.750000, 77.013, 174.9666
18.000000, 76.729, 173.0334
18.250000, 76.405, 172.1647
18.500000, 76.136, 172.2983
18.750000, 75.994, 173.0573
19.000000, 76.000, 173.8834
19.250000, 76.115, 174.2568
19.500000, 76.271, 173.9668
19.750000, 76.405, 173.0570
20.000000, 76.476, 171.7460
20.299999, 76.463, 170.0140
20.600000, 76.361, 168.4583
20.900000, 76.208, 167.2947
21.200001, 76.041, 166.5709
21.400000, 75.934, 166.3061
21.799999, 75.745, 166.2192
22.000000, 75.667, 166.3788
22.400000, 75.567, 167.0704
22.700001, 75.568, 167.7979
23.000000, 75.651, 168.4637
23.299999, 75.804, 168.7896
23.600000, 75.989, 168.5776
24.000000, 76.194, 167.4519
24.299999, 76.267, 166.2115
24.700001, 76.231, 164.5659
25.000000, 76.127, 163.6713
25.400000, 75.957, 163.1742
25.799999, 75.837, 163.3115
26.200001, 75.802, 163.5842
26.500000, 75.813, 163.5984
26.900000, 75.823, 163.2605
27.200001, 75.800, 162.8423
27.600000, 75.722, 162.3216
28.000000, 75.620, 162.0455
28.500000, 75.531, 161.9966
29.000000, 75.516, 161.8214
29.500000, 75.528, 161.1183
30.000000, 75.494, 159.9862
30.400000, 75.417, 159.0616
30.700001, 75.344, 158.4889
31.100000, 75.252, 157.9229
31.500000, 75.189, 157.4915
32.000000, 75.151, 156.9085
32.500000, 75.124, 156.1654
33.000000, 75.077, 155.4013
33.500000, 75.016, 154.8194
34.000000, 74.967, 154.4438
34.500000, 74.942, 154.1197
35.000000, 74.919, 153.7108
35.500000, 74.873, 153.2431
36.000000, 74.795, 152.8468
36.500000, 74.700, 152.6089
37.000000, 74.606, 152.4988
37.500000, 74.522, 152.4102
38.200001, 74.415, 152.1548
38.700001, 74.335, 151.8503
39.500000, 74.194, 151.2810
40.000000, 74.114, 150.9633
40.599998, 74.054, 150.5741
41.200001, 74.035, 149.9653
41.799999, 74.015, 149.0413
42.500000, 73.934, 147.9134
43.099998, 73.830, 147.3419
43.700001, 73.752, 147.2027
44.400002, 73.723, 147.1839
45.000000, 73.711, 147.0388
45.500000, 73.683, 146.8849
46.200001, 73.626, 146.7718
46.799999, 73.580, 146.6796
47.500000, 73.513, 146.3841
48.200001, 73.402, 146.0398
48.700001, 73.315, 145.8926
49.400002, 73.222, 145.6815
50.000000, 73.155, 145.3024
50.799999, 73.037, 144.7180
51.500000, 72.941, 144.4452
52.200001, 72.899, 144.2054
53.000000, 72.867, 143.6378
53.799999, 72.785, 143.0253
54.500000, 72.684, 142.8251
55.200001, 72.609, 142.9487
56.000000, 72.581, 142.9916
57.000000, 72.522, 142.3880
58.000000, 72.363, 141.8593
59.000000, 72.240, 141.6423
60.000000, 72.135, 141.1425
60.799999, 72.035, 140.9396
61.500000, 71.998, 141.0033
62.200001, 72.018, 140.8356
63.000000, 72.017, 140.1392
64.000000, 71.891, 139.4921
65.000000, 71.780, 139.6503
66.000000, 71.740, 139.6403
67.000000, 71.662, 139.1937
68.000000, 71.524, 138.8873
69.000000, 71.413, 138.8858
70.000000, 71.347, 138.6409
71.000000, 71.265, 138.2811
72.000000, 71.193, 137.9770
73.000000, 71.112, 137.6633
74.000000, 71.035, 137.5726
75.000000, 70.989, 137.4361
76.199997, 70.918, 137.0186
77.500000, 70.796, 136.5989
78.800003, 70.675, 136.3763
80.000000, 70.566, 136.2957
81.199997, 70.504, 136.2889
82.500000, 70.424, 135.9993
83.800003, 70.336, 135.9068
85.000000, 70.258, 135.7577
86.199997, 70.177, 135.5778
87.500000, 70.070, 135.3335
88.500000, 69.987, 135.2479
90.000000, 69.877, 135.0970
91.199997, 69.786, 134.9719
92.500000, 69.698, 134.9705
93.800003, 69.633, 134.8047
95.000000, 69.565, 134.6049
96.199997, 69.496, 134.2360
97.500000, 69.389, 134.1040
98.800003, 69.349, 134.0843
100.000000, 69.287, 133.7458
101.500000, 69.198, 133.6439
103.000000, 69.083, 133.4709
104.400002, 68.976, 133.6490
106.000000, 68.889, 133.8789
107.500000, 68.835, 133.8650
109.000000, 68.741, 133.6871
110.599998, 68.630, 133.6602
112.000000, 68.540, 133.3782
113.800003, 68.358, 132.7477
115.000000, 68.223, 132.6459
117.199997, 68.094, 132.9676
118.000000, 68.080, 133.0068
120.599998, 67.980, 133.2079
122.000000, 67.938, 133.3676
124.099998, 67.829, 132.9146
125.000000, 67.752, 132.6098
126.500000, 67.585, 132.3601
128.000000, 67.471, 132.8535
131.500000, 67.433, 132.7942
132.000000, 67.397, 132.7551
134.000000, 67.234, 133.2116
136.000000, 67.143, 133.7804
138.000000, 67.074, 133.8615
140.000000, 67.001, 133.5364
143.000000, 66.780, 133.5291
145.000000, 66.723, 134.1431
147.500000, 66.674, 133.9493
150.000000, 66.526, 133.7501
152.500000, 66.381, 133.7262
155.000000, 66.239, 133.8639
157.500000, 66.169, 133.9084
160.000000, 66.109, 134.1407
162.500000, 66.068, 134.4505
165.000000, 65.967, 134.4319
167.500000, 65.799, 134.2517
170.000000, 65.547, 134.4756
172.500000, 65.348, 135.8710
175.000000, 65.369, 136.9143
177.500000, 65.405, 136.0612
180.000000, 65.276, 135.2092
182.500000, 65.169, 135.4479
185.000000, 65.223, 135.9134
187.500000, 65.350, 135.8165
190.000000, 65.396, 135.4247
192.500000, 65.323, 135.4141
195.000000, 65.222, 135.8535
197.500000, 65.106, 136.1204
200.000000, 64.953, 136.0334
203.000000, 64.783, 135.7036
206.000000, 64.687, 135.8476
209.000000, 64.626, 136.6193
212.000000, 64.521, 137.2701
214.000000, 64.446, 137.6192
218.000000, 64.351, 137.7162
220.000000, 64.309, 137.5417
224.000000, 64.258, 137.2638
227.000000, 64.258, 137.4446
230.000000, 64.180, 138.0375
233.000000, 64.025, 138.8564
236.000000, 63.877, 138.9271
240.000000, 63.821, 138.8462
243.000000, 63.824, 139.2635
247.000000, 63.661, 139.5327
250.000000, 63.511, 139.1071
254.000000, 63.441, 138.7935
258.000000, 63.410, 139.0900
262.000000, 63.299, 139.7660
265.000000, 63.189, 140.5239
269.000000, 63.093, 140.8345
272.000000, 63.062, 140.9054
276.000000, 63.033, 141.0268
280.000000, 62.954, 141.1043
285.000000, 62.817, 141.5446
290.000000, 62.658, 141.9325
295.000000, 62.578, 142.1414
300.000000, 62.507, 142.8765
304.000000, 62.402, 143.3798
307.000000, 62.336, 143.5910
311.000000, 62.290, 143.9447
315.000000, 62.270, 144.1557
320.000000, 62.198, 144.3176
325.000000, 62.098, 144.6540
330.000000, 62.043, 144.3284
335.000000, 61.931, 144.5616
340.000000, 61.825, 144.9059
345.000000, 61.785, 145.4850
350.000000, 61.746, 146.1571
355.000000, 61.674, 146.2344
360.000000, 61.586, 146.4891
365.000000, 61.476, 147.1761
370.000000, 61.355, 147.9492
375.000000, 61.246, 148.1135
382.000000, 61.138, 148.1441
387.000000, 61.074, 148.4045
395.000000, 61.006, 149.5104
400.000000, 60.954, 150.1787
406.000000, 60.854, 150.3872
412.000000, 60.681, 150.5288
418.000000, 60.584, 151.1616
425.000000, 60.589, 152.2259
431.000000, 60.548, 152.6034
437.000000, 60.490, 153.5401
444.000000, 60.418, 154.3042
450.000000, 60.385, 154.5743
455.000000, 60.357, 154.9999
462.000000, 60.321, 155.5112
468.000000, 60.307, 155.5921
475.000000, 60.239, 155.8217
482.000000, 60.135, 156.0474
487.000000, 60.075, 156.5367
494.000000, 60.016, 157.8579
500.000000, 59.970, 158.4681
508.000000, 59.924, 158.2570
515.000000, 59.805, 158.2081
522.000000, 59.652, 159.0465
530.000000, 59.618, 160.0561
538.000000, 59.635, 161.0734
545.000000, 59.563, 161.6693
552.000000, 59.549, 162.3447
560.000000, 59.621, 162.7035
570.000000, 59.554, 162.7367
580.000000, 59.477, 163.4897
590.000000, 59.387, 165.1110
600.000000, 59.317, 166.0317
608.000000, 59.328, 166.4482
615.000000, 59.332, 166.6863
622.000000, 59.304, 167.1932
630.000000, 59.287, 167.8202
640.000000, 59.226, 168.6511
650.000000, 59.112, 169.2437
660.000000, 59.053, 169.3659
670.000000, 59.056, 169.8874
680.000000, 59.084, 171.2137
690.000000, 59.054, 172.2421
700.000000, 59.025, 172.6650
710.000000, 59.011, 173.3766
720.000000, 59.015, 174.4785
730.000000, 58.991, 175.2674
740.000000, 58.933, 175.8543
750.000000, 58.901, 176.4510
762.000000, 58.876, 177.5107
775.000000, 58.872, 178.4836
788.000000, 58.871, 179.5035
800.000000, 58.859, -179.5984
812.000000, 58.853, -178.5989
825.000000, 58.858, -177.6035
838.000000, 58.870, -176.6941
850.000000, 58.881, -175.6623
862.000000, 58.904, -174.6399
875.000000, 58.925, -173.6735
885.000000, 58.953, -172.9786
900.000000, 58.987, -171.7859
912.000000, 59.017, -170.8313
925.000000, 59.065, -169.9227
938.000000, 59.116, -168.9445
950.000000, 59.172, -167.9999
962.000000, 59.237, -167.0839
975.000000, 59.313, -166.1693
988.000000, 59.397, -165.3214
1000.000000, 59.469, -164.5694
1015.000000, 59.532, -163.6081
1030.000000, 59.614, -162.5592
1044.000000, 59.705, -161.5302
1060.000000, 59.831, -160.5137
1075.000000, 59.957, -159.7337
1090.000000, 60.086, -158.9571
1106.000000, 60.236, -158.1590
1120.000000, 60.370, -157.5132
1138.000000, 60.546, -156.7566
1150.000000, 60.665, -156.3731
1172.000000, 60.887, -155.7215
1180.000000, 60.969, -155.5021
1206.000000, 61.228, -155.0178
1220.000000, 61.366, -154.8839
1241.000000, 61.564, -154.7796
1250.000000, 61.647, -154.7604
1265.000000, 61.778, -154.7504
1280.000000, 61.897, -154.7775
1315.000000, 62.140, -155.0557
1320.000000, 62.170, -155.1051
1340.000000, 62.276, -155.2890
1360.000000, 62.374, -155.4636
1380.000000, 62.471, -155.6254
1400.000000, 62.557, -155.7681
1430.000000, 62.669, -155.9565
1450.000000, 62.739, -156.0458
1475.000000, 62.819, -156.1067
1500.000000, 62.892, -156.1470
1525.000000, 62.967, -156.1418
1550.000000, 63.038, -156.0986
1575.000000, 63.105, -156.0500
1600.000000, 63.173, -155.9888
1625.000000, 63.241, -155.9108
1650.000000, 63.311, -155.8085
1675.000000, 63.381, -155.7046
1700.000000, 63.454, -155.6117
1725.000000, 63.527, -155.5159
1750.000000, 63.602, -155.4155
1775.000000, 63.679, -155.3157
1800.000000, 63.756, -155.2243
1825.000000, 63.834, -155.1365
1850.000000, 63.912, -155.0542
1875.000000, 63.991, -154.9820
1900.000000, 64.071, -154.9231
1925.000000, 64.151, -154.8740
1950.000000, 64.232, -154.8315
1975.000000, 64.315, -154.8096
2000.000000, 64.399, -154.8106
2030.000000, 64.499, -154.8286
2060.000000, 64.598, -154.8531
2090.000000, 64.698, -154.9043
2120.000000, 64.799, -154.9830
2140.000000, 64.867, -155.0482
2180.000000, 65.004, -155.2179
2200.000000, 65.072, -155.3182
2240.000000, 65.205, -155.5467
2270.000000, 65.301, -155.7449
2300.000000, 65.393, -155.9592
2330.000000, 65.483, -156.1974
2360.000000, 65.572, -156.4712
2400.000000, 65.691, -156.8884
2430.000000, 65.781, -157.2265
2470.000000, 65.896, -157.7071
2500.000000, 65.980, -158.0898
2540.000000, 66.085, -158.6299
2580.000000, 66.183, -159.2030
2620.000000, 66.274, -159.8117
2650.000000, 66.339, -160.2930
2690.000000, 66.419, -160.9611
2720.000000, 66.476, -161.4781
2760.000000, 66.546, -162.1901
2800.000000, 66.609, -162.9240
2850.000000, 66.677, -163.8649
2900.000000, 66.731, -164.8336
2950.000000, 66.773, -165.8170
3000.000000, 66.804, -166.8109
3040.000000, 66.821, -167.6118
3070.000000, 66.829, -168.2123
3110.000000, 66.835, -169.0095
3150.000000, 66.833, -169.7985
3200.000000, 66.819, -170.7694
3250.000000, 66.794, -171.7247
3300.000000, 66.759, -172.6605
3350.000000, 66.713, -173.5768
3400.000000, 66.657, -174.4617
3450.000000, 66.591, -175.3114
3500.000000, 66.516, -176.1231
3550.000000, 66.430, -176.8851
3600.000000, 66.336, -177.5879
3650.000000, 66.237, -178.2235
3700.000000, 66.136, -178.7953
3750.000000, 66.034, -179.3182
3820.000000, 65.891, 179.9898
3870.000000, 65.781, 179.5086
3950.000000, 65.570, 178.8937
4000.000000, 65.425, 178.8356
4060.000000, 65.318, 179.1835
4120.000000, 65.318, 179.1295
4180.000000, 65.291, 178.2926
4250.000000, 65.155, 177.2256
4310.000000, 64.996, 176.5436
4370.000000, 64.824, 176.0358
4440.000000, 64.617, 175.5845
4500.000000, 64.435, 175.2852
4550.000000, 64.279, 175.0884
4620.000000, 64.053, 174.8912
4680.000000, 63.851, 174.8088
4750.000000, 63.607, 174.8374
4820.000000, 63.358, 175.0338
4870.000000, 63.180, 175.2928
4940.000000, 62.940, 175.8130
5000.000000, 62.747, 176.3716
5080.000000, 62.509, 177.2168
5150.000000, 62.317, 178.0182
5220.000000, 62.137, 178.8613
5300.000000, 61.941, 179.8650
5380.000000, 61.754, -179.0910
5450.000000, 61.595, -178.1340
5520.000000, 61.443, -177.1300
5600.000000, 61.279, -175.9233
5700.000000, 61.087, -174.3166
5800.000000, 60.915, -172.6105
5900.000000, 60.767, -170.8119
6000.000000, 60.641, -168.9332
6080.000000, 60.559, -167.3982
6150.000000, 60.504, -166.0283
6220.000000, 60.462, -164.6284
6300.000000, 60.432, -163.0062
6400.000000, 60.425, -160.9660
6500.000000, 60.457, -158.9340
6600.000000, 60.530, -156.9317
6700.000000, 60.640, -154.9945
6800.000000, 60.790, -153.1587
6900.000000, 60.980, -151.4546
7000.000000, 61.213, -149.9061
7100.000000, 61.492, -148.5590
7200.000000, 61.821, -147.4700
7300.000000, 62.204, -146.7284
7400.000000, 62.636, -146.4403
7500.000000, 63.113, -146.7242
7620.000000, 63.728, -148.0258
7750.000000, 64.406, -150.8971
7880.000000, 65.018, -155.5358
8000.000000, 65.421, -161.3888
8120.000000, 65.569, -168.3901
8250.000000, 65.367, -176.4743
8380.000000, 64.790, 175.9598
8500.000000, 63.992, 170.1855
8620.000000, 63.034, 165.9061
8750.000000, 61.920, 162.9745
8850.000000, 61.059, 161.7875
9000.000000, 59.815, 161.4283
9120.000000, 58.884, 162.1230
9250.000000, 57.953, 163.6204
9380.000000, 57.102, 165.7203
9500.000000, 56.386, 168.0904
9620.000000, 55.734, 170.7877
9750.000000, 55.098, 174.0193
9880.000000, 54.535, 177.5375
10000.000000, 54.079, -178.9930
10150.000000, 53.593, -174.3567
10300.000000, 53.208, -169.3932
10440.000000, 52.958, -164.4371
10600.000000, 52.848, -158.3639
10750.000000, 52.985, -152.7090
10900.000000, 53.333, -148.0733
11060.000000, 53.800, -144.5106
11200.000000, 54.234, -142.2246
11380.000000, 54.819, -140.1790
11500.000000, 55.223, -139.3131
11720.000000, 56.002, -138.5847
11800.000000, 56.305, -138.5659
12060.000000, 57.428, -139.6071
12200.000000, 58.134, -141.3433
12410.000000, 59.252, -146.1792
12500.000000, 59.726, -149.1978
12650.000000, 60.448, -155.6783
12800.000000, 60.990, -163.9505
13150.000000, 60.987, 172.8637
13200.000000, 60.823, 169.5989
13400.000000, 59.844, 157.8380
13600.000000, 58.549, 148.8331
13800.000000, 57.184, 142.5111
14000.000000, 55.904, 138.1954
14300.000000, 54.273, 133.9116
14500.000000, 53.398, 131.7065
14750.000000, 52.522, 128.9933
15000.000000, 51.851, 125.8549
15250.000000, 51.348, 121.8948
15500.000000, 50.962, 116.7784
15750.000000, 50.640, 110.2608
16000.000000, 50.326, 102.2686
16250.000000, 49.953, 92.8295
16500.000000, 49.464, 82.1108
16750.000000, 48.819, 70.3765
17000.000000, 48.008, 57.8880
17250.000000, 47.040, 44.8350
17500.000000, 45.933, 31.2509
17750.000000, 44.720, 17.0054
18000.000000, 43.412, 1.8117
18250.000000, 42.015, -14.7507
18500.000000, 40.546, -33.3673
18750.000000, 38.986, -54.9471
19000.000000, 37.233, -80.3718
19250.000000, 35.117, -110.3237
19500.000000, 32.452, -144.9013
19750.000000, 29.166, 176.1360
20000.000000, 26.215, 138.8245
