* Measurement data measured by REW V5.31.3
* Source: USB-C to 3.5mm Headphone Jack Adapter, USB-C to 3.5mm Headphone Jack Adapter, 0, volume: 0.264
* Format: 512k Log Swept Sine, 1 sweep at -12.0 dBFS with no timing reference
* Dated: Apr 29, 2025 6:39:46 AM
* REW Settings:
*  C-weighting compensation: Off
*  Target level: 75.0 dB
* Note: ; SN: 69
* Measurement: Subtonic Storm R
* Smoothing: 1/24 octave
* Frequency Step: 1/48 octave
* Start Frequency: 1.000 Hz
*
* Freq(Hz), SPL(dB), Phase(degrees)
1.000000, 82.995, -16.6080
1.015000, 83.069, -17.3001
1.030000, 83.142, -17.9933
1.044000, 83.209, -18.6414
1.060000, 83.283, -19.3839
1.075000, 83.352, -20.0822
1.090000, 83.418, -20.7837
1.106000, 83.488, -21.5404
1.120000, 83.548, -22.2164
1.138000, 83.623, -23.1078
1.150000, 83.672, -23.7151
1.172000, 83.759, -24.8517
1.180000, 83.790, -25.2715
1.206000, 83.889, -26.6555
1.220000, 83.941, -27.4109
1.241000, 84.017, -28.5533
1.250000, 84.048, -29.0455
1.265000, 84.100, -29.8679
1.280000, 84.150, -30.6917
1.315000, 84.264, -32.6116
1.320000, 84.279, -32.8849
1.340000, 84.340, -33.9738
1.360000, 84.400, -35.0537
1.380000, 84.457, -36.1222
1.400000, 84.511, -37.1769
1.430000, 84.590, -38.7288
1.450000, 84.640, -39.7416
1.475000, 84.699, -40.9923
1.500000, 84.755, -42.2550
1.525000, 84.808, -43.5406
1.550000, 84.857, -44.8458
1.575000, 84.903, -46.1650
1.600000, 84.945, -47.4928
1.625000, 84.984, -48.8238
1.650000, 85.020, -50.1526
1.675000, 85.053, -51.4741
1.700000, 85.083, -52.7832
1.725000, 85.110, -54.0748
1.750000, 85.134, -55.3444
1.775000, 85.155, -56.5871
1.800000, 85.173, -57.7992
1.825000, 85.188, -58.9803
1.850000, 85.201, -60.1444
1.875000, 85.210, -61.3127
1.900000, 85.216, -62.4911
1.925000, 85.219, -63.6777
1.950000, 85.218, -64.8691
1.975000, 85.215, -66.0617
2.000000, 85.209, -67.2515
2.030000, 85.198, -68.6692
2.060000, 85.183, -70.0685
2.090000, 85.165, -71.4408
2.120000, 85.143, -72.7772
2.140000, 85.127, -73.6435
2.180000, 85.092, -75.3067
2.200000, 85.072, -76.1034
2.240000, 85.027, -77.6548
2.270000, 84.987, -78.7984
2.300000, 84.944, -79.9277
2.330000, 84.896, -81.0413
2.360000, 84.846, -82.1370
2.400000, 84.775, -83.5643
2.430000, 84.719, -84.6045
2.470000, 84.643, -85.9413
2.500000, 84.586, -86.8989
2.540000, 84.509, -88.1036
2.580000, 84.431, -89.2162
2.620000, 84.349, -90.2400
2.650000, 84.284, -90.9559
2.690000, 84.194, -91.8476
2.720000, 84.125, -92.4731
2.760000, 84.034, -93.2540
2.800000, 83.945, -93.9786
2.850000, 83.841, -94.8110
2.900000, 83.749, -95.5657
2.950000, 83.669, -96.2273
3.000000, 83.597, -96.7536
3.040000, 83.544, -97.0760
3.070000, 83.507, -97.2699
3.110000, 83.463, -97.4785
3.150000, 83.426, -97.6463
3.200000, 83.392, -97.8266
3.250000, 83.373, -98.0061
3.300000, 83.373, -98.2013
3.350000, 83.392, -98.3741
3.400000, 83.429, -98.4946
3.450000, 83.481, -98.5831
3.500000, 83.546, -98.6716
3.550000, 83.620, -98.7926
3.600000, 83.701, -98.9770
3.650000, 83.786, -99.2478
3.700000, 83.879, -99.6006
3.750000, 83.982, -100.0088
3.820000, 84.142, -100.6551
3.870000, 84.261, -101.1705
3.950000, 84.451, -102.0952
4.000000, 84.563, -102.7419
4.060000, 84.690, -103.5995
4.120000, 84.813, -104.5508
4.180000, 84.933, -105.5764
4.250000, 85.066, -106.8305
4.310000, 85.170, -107.9268
4.370000, 85.263, -109.0260
4.440000, 85.357, -110.3270
4.500000, 85.425, -111.4861
4.550000, 85.475, -112.4757
4.620000, 85.533, -113.8643
4.680000, 85.573, -115.0264
4.750000, 85.609, -116.3185
4.820000, 85.633, -117.5530
4.870000, 85.641, -118.4187
4.940000, 85.642, -119.6050
5.000000, 85.636, -120.5821
5.080000, 85.623, -121.7966
5.150000, 85.608, -122.7558
5.220000, 85.587, -123.6241
5.300000, 85.556, -124.5226
5.380000, 85.525, -125.3297
5.450000, 85.501, -125.9626
5.520000, 85.483, -126.5210
5.600000, 85.469, -127.0562
5.700000, 85.458, -127.5960
5.800000, 85.460, -128.0524
5.900000, 85.481, -128.4652
6.000000, 85.521, -128.8153
6.080000, 85.564, -129.0638
6.150000, 85.607, -129.2825
6.220000, 85.656, -129.5189
6.300000, 85.718, -129.8112
6.400000, 85.805, -130.1964
6.500000, 85.898, -130.6053
6.600000, 85.993, -131.0474
6.700000, 86.087, -131.5273
6.800000, 86.183, -132.0351
6.900000, 86.278, -132.5541
7.000000, 86.371, -133.0741
7.100000, 86.461, -133.5968
7.200000, 86.550, -134.1206
7.300000, 86.641, -134.6388
7.400000, 86.733, -135.1451
7.500000, 86.826, -135.6424
7.620000, 86.940, -136.2453
7.750000, 87.069, -136.9214
7.880000, 87.204, -137.6202
8.000000, 87.330, -138.3057
8.120000, 87.455, -139.0512
8.250000, 87.590, -139.9230
8.380000, 87.718, -140.8531
8.500000, 87.826, -141.7677
8.620000, 87.925, -142.7316
8.750000, 88.017, -143.7951
8.850000, 88.076, -144.6133
9.000000, 88.145, -145.8391
9.120000, 88.186, -146.7807
9.250000, 88.216, -147.7317
9.380000, 88.234, -148.6124
9.500000, 88.244, -149.3482
9.620000, 88.252, -149.9962
9.750000, 88.259, -150.6092
9.880000, 88.271, -151.1500
10.000000, 88.288, -151.5909
10.150000, 88.319, -152.0862
10.300000, 88.362, -152.5748
10.440000, 88.412, -153.0432
10.600000, 88.475, -153.6226
10.750000, 88.537, -154.2374
10.900000, 88.596, -154.9142
11.060000, 88.649, -155.6940
11.200000, 88.685, -156.4169
11.380000, 88.715, -157.3508
11.500000, 88.723, -157.9594
11.720000, 88.720, -159.0021
11.800000, 88.714, -159.3436
12.060000, 88.688, -160.3080
12.200000, 88.676, -160.7321
12.410000, 88.666, -161.2696
12.500000, 88.667, -161.4783
12.650000, 88.675, -161.8082
12.800000, 88.693, -162.1402
13.150000, 88.756, -163.0203
13.200000, 88.767, -163.1625
13.400000, 88.807, -163.7751
13.600000, 88.843, -164.4383
13.800000, 88.871, -165.1303
14.000000, 88.893, -165.8200
14.300000, 88.918, -166.8143
14.500000, 88.936, -167.4430
14.750000, 88.965, -168.2141
15.000000, 89.001, -169.0023
15.250000, 89.041, -169.8446
15.500000, 89.078, -170.7486
15.750000, 89.104, -171.6950
16.000000, 89.117, -172.6396
16.250000, 89.117, -173.5291
16.500000, 89.110, -174.3262
16.750000, 89.105, -175.0169
17.000000, 89.111, -175.6255
17.250000, 89.133, -176.2004
17.500000, 89.170, -176.8019
17.750000, 89.216, -177.4809
18.000000, 89.263, -178.2594
18.250000, 89.299, -179.1292
18.500000, 89.318, 179.9493
18.750000, 89.317, 179.0338
19.000000, 89.296, 178.1843
19.250000, 89.260, 177.4543
19.500000, 89.220, 176.8703
19.750000, 89.186, 176.4308
20.000000, 89.165, 176.1038
20.299999, 89.167, 175.7806
20.600000, 89.196, 175.4305
20.900000, 89.246, 174.9643
21.200001, 89.302, 174.3380
21.400000, 89.336, 173.8341
21.799999, 89.382, 172.6782
22.000000, 89.391, 172.0638
22.400000, 89.383, 170.8539
22.700001, 89.359, 170.0161
23.000000, 89.328, 169.2633
23.299999, 89.295, 168.5966
23.600000, 89.266, 168.0036
24.000000, 89.237, 167.2910
24.299999, 89.226, 166.7826
24.700001, 89.225, 166.0877
25.000000, 89.232, 165.5228
25.400000, 89.244, 164.6860
25.799999, 89.249, 163.7670
26.200001, 89.240, 162.8216
26.500000, 89.224, 162.1370
26.900000, 89.198, 161.2903
27.200001, 89.180, 160.7018
27.600000, 89.162, 159.9449
28.000000, 89.148, 159.1816
28.500000, 89.125, 158.2197
29.000000, 89.093, 157.3308
29.500000, 89.067, 156.5701
30.000000, 89.065, 155.8466
30.400000, 89.079, 155.1810
30.700001, 89.088, 154.5994
31.100000, 89.086, 153.7436
31.500000, 89.061, 152.8828
32.000000, 89.007, 151.9443
32.500000, 88.955, 151.2037
33.000000, 88.923, 150.5529
33.500000, 88.907, 149.8510
34.000000, 88.889, 149.0605
34.500000, 88.859, 148.2451
35.000000, 88.820, 147.4766
35.500000, 88.783, 146.7686
36.000000, 88.753, 146.0844
36.500000, 88.730, 145.3762
37.000000, 88.708, 144.6168
37.500000, 88.682, 143.8118
38.200001, 88.630, 142.6821
38.700001, 88.586, 141.9333
39.500000, 88.522, 140.8491
40.000000, 88.490, 140.1904
40.599998, 88.455, 139.3807
41.200001, 88.416, 138.5721
41.799999, 88.375, 137.7964
42.500000, 88.330, 136.9227
43.099998, 88.292, 136.1762
43.700001, 88.252, 135.4337
44.400002, 88.203, 134.5802
45.000000, 88.161, 133.8489
45.500000, 88.124, 133.2373
46.200001, 88.069, 132.3926
46.799999, 88.021, 131.6849
47.500000, 87.965, 130.8735
48.200001, 87.909, 130.0869
48.700001, 87.872, 129.5378
49.400002, 87.825, 128.7556
50.000000, 87.785, 128.0570
50.799999, 87.726, 127.1174
51.500000, 87.669, 126.3143
52.200001, 87.608, 125.5419
53.000000, 87.538, 124.7260
53.799999, 87.475, 123.9512
54.500000, 87.426, 123.2530
55.200001, 87.373, 122.5493
56.000000, 87.315, 121.7667
57.000000, 87.247, 120.7800
58.000000, 87.176, 119.7863
59.000000, 87.103, 118.8014
60.000000, 87.025, 117.8405
60.799999, 86.961, 117.1259
61.500000, 86.911, 116.5190
62.200001, 86.863, 115.8925
63.000000, 86.805, 115.1482
64.000000, 86.725, 114.2462
65.000000, 86.647, 113.4086
66.000000, 86.576, 112.5648
67.000000, 86.504, 111.7070
68.000000, 86.432, 110.8694
69.000000, 86.360, 110.0444
70.000000, 86.289, 109.2417
71.000000, 86.219, 108.4656
72.000000, 86.149, 107.7072
73.000000, 86.080, 106.9840
74.000000, 86.016, 106.2614
75.000000, 85.948, 105.5177
76.199997, 85.863, 104.6467
77.500000, 85.770, 103.7232
78.800003, 85.680, 102.7903
80.000000, 85.595, 101.9318
81.199997, 85.513, 101.1231
82.500000, 85.435, 100.2620
83.800003, 85.357, 99.3852
85.000000, 85.283, 98.6009
86.199997, 85.208, 97.8307
87.500000, 85.122, 97.0315
88.500000, 85.059, 96.4440
90.000000, 84.966, 95.5328
91.199997, 84.889, 94.8218
92.500000, 84.811, 94.0871
93.800003, 84.738, 93.3421
95.000000, 84.670, 92.6351
96.199997, 84.597, 91.9514
97.500000, 84.520, 91.2397
98.800003, 84.445, 90.5348
100.000000, 84.378, 89.9039
101.500000, 84.298, 89.1516
103.000000, 84.226, 88.4224
104.400002, 84.156, 87.7232
106.000000, 84.069, 86.9251
107.500000, 83.985, 86.2031
109.000000, 83.902, 85.4283
110.599998, 83.817, 84.6636
112.000000, 83.754, 83.9953
113.800003, 83.673, 83.1895
115.000000, 83.618, 82.6718
117.199997, 83.504, 81.7989
118.000000, 83.465, 81.5103
120.599998, 83.351, 80.3794
122.000000, 83.280, 79.7846
124.099998, 83.195, 79.0091
125.000000, 83.162, 78.6429
126.500000, 83.099, 78.0225
128.000000, 83.028, 77.4623
131.500000, 82.897, 76.2782
132.000000, 82.881, 76.0834
134.000000, 82.808, 75.2925
136.000000, 82.731, 74.5826
138.000000, 82.652, 73.8184
140.000000, 82.565, 73.1274
143.000000, 82.447, 72.2497
145.000000, 82.381, 71.6462
147.500000, 82.289, 70.7335
150.000000, 82.225, 69.9607
152.500000, 82.180, 69.1713
155.000000, 82.094, 68.7571
157.500000, 82.023, 68.4237
160.000000, 81.958, 67.5233
162.500000, 81.865, 66.5531
165.000000, 81.778, 65.9967
167.500000, 81.729, 65.6250
170.000000, 81.708, 65.1939
172.500000, 81.688, 64.6825
175.000000, 81.643, 64.1025
177.500000, 81.583, 63.5231
180.000000, 81.520, 62.9819
182.500000, 81.444, 62.4150
185.000000, 81.371, 61.6904
187.500000, 81.333, 60.8807
190.000000, 81.329, 60.2925
192.500000, 81.310, 59.9431
195.000000, 81.263, 59.5598
197.500000, 81.217, 59.0323
200.000000, 81.197, 58.5278
203.000000, 81.172, 57.9341
206.000000, 81.123, 57.4035
209.000000, 81.092, 56.8418
212.000000, 81.068, 56.2245
214.000000, 81.045, 55.8559
218.000000, 81.000, 55.2890
220.000000, 80.985, 55.0203
224.000000, 80.955, 54.3715
227.000000, 80.936, 53.8480
230.000000, 80.918, 53.3512
233.000000, 80.902, 52.8597
236.000000, 80.888, 52.3461
240.000000, 80.875, 51.6195
243.000000, 80.868, 51.1255
247.000000, 80.858, 50.5538
250.000000, 80.847, 50.1201
254.000000, 80.835, 49.5051
258.000000, 80.827, 48.9227
262.000000, 80.814, 48.3377
265.000000, 80.806, 47.9143
269.000000, 80.804, 47.3378
272.000000, 80.805, 46.8989
276.000000, 80.809, 46.3268
280.000000, 80.813, 45.7238
285.000000, 80.816, 45.0244
290.000000, 80.813, 44.4041
295.000000, 80.812, 43.7614
300.000000, 80.817, 43.0475
304.000000, 80.825, 42.4968
307.000000, 80.831, 42.1395
311.000000, 80.838, 41.6618
315.000000, 80.844, 41.1457
320.000000, 80.855, 40.4957
325.000000, 80.867, 39.8580
330.000000, 80.877, 39.2161
335.000000, 80.890, 38.5882
340.000000, 80.905, 37.9675
345.000000, 80.917, 37.3679
350.000000, 80.930, 36.7608
355.000000, 80.944, 36.1411
360.000000, 80.959, 35.5272
365.000000, 80.974, 34.9221
370.000000, 80.987, 34.3222
375.000000, 81.000, 33.7387
382.000000, 81.020, 32.9233
387.000000, 81.035, 32.3405
395.000000, 81.058, 31.4312
400.000000, 81.071, 30.8702
406.000000, 81.084, 30.2112
412.000000, 81.097, 29.5528
418.000000, 81.111, 28.8947
425.000000, 81.124, 28.1255
431.000000, 81.135, 27.4807
437.000000, 81.147, 26.8401
444.000000, 81.159, 26.0920
450.000000, 81.167, 25.4688
455.000000, 81.176, 24.9645
462.000000, 81.187, 24.2755
468.000000, 81.194, 23.6779
475.000000, 81.201, 22.9820
482.000000, 81.206, 22.3020
487.000000, 81.209, 21.8254
494.000000, 81.212, 21.1711
500.000000, 81.214, 20.6204
508.000000, 81.217, 19.8989
515.000000, 81.217, 19.2783
522.000000, 81.217, 18.6698
530.000000, 81.219, 17.9837
538.000000, 81.218, 17.3076
545.000000, 81.214, 16.7328
552.000000, 81.211, 16.1861
560.000000, 81.207, 15.5847
570.000000, 81.197, 14.8288
580.000000, 81.187, 14.0756
590.000000, 81.177, 13.3742
600.000000, 81.165, 12.7007
608.000000, 81.155, 12.1650
615.000000, 81.147, 11.7173
622.000000, 81.137, 11.2925
630.000000, 81.126, 10.8101
640.000000, 81.111, 10.2339
650.000000, 81.092, 9.6899
660.000000, 81.076, 9.1462
670.000000, 81.059, 8.6356
680.000000, 81.041, 8.1569
690.000000, 81.025, 7.7020
700.000000, 81.010, 7.2797
710.000000, 80.997, 6.8829
720.000000, 80.984, 6.4957
730.000000, 80.969, 6.1380
740.000000, 80.954, 5.8022
750.000000, 80.941, 5.4834
762.000000, 80.928, 5.1302
775.000000, 80.917, 4.7841
788.000000, 80.907, 4.4745
800.000000, 80.900, 4.2284
812.000000, 80.899, 4.0077
825.000000, 80.903, 3.7812
838.000000, 80.908, 3.5778
850.000000, 80.915, 3.4097
862.000000, 80.926, 3.2626
875.000000, 80.942, 3.1250
885.000000, 80.958, 3.0298
900.000000, 80.988, 2.9082
912.000000, 81.018, 2.8043
925.000000, 81.054, 2.6990
938.000000, 81.094, 2.5942
950.000000, 81.134, 2.4916
962.000000, 81.179, 2.3865
975.000000, 81.234, 2.2653
988.000000, 81.291, 2.1252
1000.000000, 81.347, 1.9835
1015.000000, 81.423, 1.7836
1030.000000, 81.501, 1.5703
1044.000000, 81.577, 1.3633
1060.000000, 81.666, 1.0906
1075.000000, 81.753, 0.7748
1090.000000, 81.840, 0.4276
1106.000000, 81.932, 0.0396
1120.000000, 82.011, -0.3283
1138.000000, 82.112, -0.8282
1150.000000, 82.179, -1.1732
1172.000000, 82.296, -1.8476
1180.000000, 82.338, -2.1060
1206.000000, 82.469, -2.9691
1220.000000, 82.535, -3.4358
1241.000000, 82.631, -4.1395
1250.000000, 82.671, -4.4445
1265.000000, 82.735, -4.9529
1280.000000, 82.797, -5.4606
1315.000000, 82.936, -6.6356
1320.000000, 82.955, -6.8003
1340.000000, 83.029, -7.4476
1360.000000, 83.100, -8.0803
1380.000000, 83.169, -8.7018
1400.000000, 83.237, -9.3193
1430.000000, 83.341, -10.2159
1450.000000, 83.410, -10.7931
1475.000000, 83.496, -11.5057
1500.000000, 83.583, -12.1992
1525.000000, 83.674, -12.8726
1550.000000, 83.764, -13.5508
1575.000000, 83.856, -14.2314
1600.000000, 83.949, -14.9120
1625.000000, 84.044, -15.6042
1650.000000, 84.140, -16.2963
1675.000000, 84.235, -16.9924
1700.000000, 84.331, -17.6971
1725.000000, 84.428, -18.3976
1750.000000, 84.525, -19.1036
1775.000000, 84.621, -19.8182
1800.000000, 84.721, -20.5375
1825.000000, 84.823, -21.2693
1850.000000, 84.925, -22.0192
1875.000000, 85.028, -22.7958
1900.000000, 85.132, -23.6002
1925.000000, 85.236, -24.4397
1950.000000, 85.339, -25.3174
1975.000000, 85.439, -26.2282
2000.000000, 85.534, -27.1682
2030.000000, 85.643, -28.3366
2060.000000, 85.745, -29.5457
2090.000000, 85.838, -30.7874
2120.000000, 85.919, -32.0541
2140.000000, 85.966, -32.9012
2180.000000, 86.045, -34.6000
2200.000000, 86.076, -35.4478
2240.000000, 86.122, -37.1036
2270.000000, 86.142, -38.3004
2300.000000, 86.149, -39.4437
2330.000000, 86.146, -40.5157
2360.000000, 86.136, -41.5009
2400.000000, 86.113, -42.6490
2430.000000, 86.092, -43.3880
2470.000000, 86.068, -44.2015
2500.000000, 86.058, -44.6897
2540.000000, 86.063, -45.1920
2580.000000, 86.094, -45.5646
2620.000000, 86.155, -45.8948
2650.000000, 86.220, -46.1618
2690.000000, 86.329, -46.5839
2720.000000, 86.423, -46.9529
2760.000000, 86.565, -47.5145
2800.000000, 86.721, -48.1768
2850.000000, 86.940, -49.1832
2900.000000, 87.185, -50.4717
2950.000000, 87.443, -52.1742
3000.000000, 87.690, -54.4279
3040.000000, 87.850, -56.6490
3070.000000, 87.932, -58.5144
3110.000000, 87.975, -61.1548
3150.000000, 87.934, -63.7843
3200.000000, 87.772, -66.7472
3250.000000, 87.521, -69.0658
3300.000000, 87.236, -70.5978
3350.000000, 86.969, -71.3883
3400.000000, 86.758, -71.6078
3450.000000, 86.623, -71.4847
3500.000000, 86.570, -71.2444
3550.000000, 86.594, -71.0638
3600.000000, 86.683, -71.0991
3650.000000, 86.825, -71.4991
3700.000000, 86.999, -72.3669
3750.000000, 87.181, -73.7779
3820.000000, 87.396, -76.7144
3870.000000, 87.481, -79.4434
3950.000000, 87.418, -84.5738
4000.000000, 87.225, -87.9431
4060.000000, 86.829, -91.7383
4120.000000, 86.271, -94.8853
4180.000000, 85.589, -97.0531
4250.000000, 84.699, -98.0480
4310.000000, 83.919, -97.4390
4370.000000, 83.189, -95.4449
4440.000000, 82.503, -91.5707
4500.000000, 82.135, -87.4575
4550.000000, 81.995, -84.0445
4620.000000, 81.983, -80.0052
4680.000000, 82.051, -77.3347
4750.000000, 82.144, -74.7869
4820.000000, 82.246, -72.4265
4870.000000, 82.341, -70.7242
4940.000000, 82.539, -68.3365
5000.000000, 82.790, -66.4113
5080.000000, 83.258, -64.3558
5150.000000, 83.792, -63.4470
5220.000000, 84.405, -63.8431
5300.000000, 85.099, -66.3976
5380.000000, 85.607, -71.3162
5450.000000, 85.744, -77.0070
5520.000000, 85.512, -82.9495
5600.000000, 84.829, -88.6320
5700.000000, 83.590, -92.5013
5800.000000, 82.273, -92.5236
5900.000000, 81.132, -89.6571
6000.000000, 80.272, -85.1117
6080.000000, 79.798, -80.9355
6150.000000, 79.524, -77.2458
6220.000000, 79.366, -73.7047
6300.000000, 79.313, -70.0665
6400.000000, 79.390, -66.5830
6500.000000, 79.542, -64.6622
6600.000000, 79.648, -64.5642
6700.000000, 79.555, -66.1758
6800.000000, 79.113, -68.8547
6900.000000, 78.216, -71.4615
7000.000000, 76.823, -72.5138
7100.000000, 74.960, -70.2926
7200.000000, 72.747, -62.1227
7300.000000, 70.703, -43.2644
7400.000000, 70.236, -12.5415
7500.000000, 71.993, 13.9446
7620.000000, 75.034, 29.3288
7750.000000, 78.016, 34.7397
7880.000000, 80.465, 34.8057
8000.000000, 82.326, 32.2440
8120.000000, 83.864, 27.8982
8250.000000, 85.176, 21.4759
8380.000000, 86.061, 13.5602
8500.000000, 86.429, 5.6246
8620.000000, 86.353, -1.8745
8750.000000, 85.854, -8.3363
8850.000000, 85.281, -11.6422
9000.000000, 84.309, -13.7791
9120.000000, 83.561, -13.4158
9250.000000, 82.860, -11.4936
9380.000000, 82.307, -8.4351
9500.000000, 81.948, -4.9358
9620.000000, 81.744, -1.1447
9750.000000, 81.698, 2.8559
9880.000000, 81.807, 6.2794
10000.000000, 81.993, 8.5869
10150.000000, 82.239, 10.1488
10300.000000, 82.393, 10.5156
10440.000000, 82.403, 10.3427
10600.000000, 82.264, 10.1467
10750.000000, 82.026, 10.2202
10900.000000, 81.710, 10.5792
11060.000000, 81.287, 11.3661
11200.000000, 80.854, 12.6235
11380.000000, 80.264, 15.2828
11500.000000, 79.884, 17.6808
11720.000000, 79.274, 23.1949
11800.000000, 79.092, 25.5204
12060.000000, 78.705, 34.0020
12200.000000, 78.653, 38.9380
12410.000000, 78.811, 46.4028
12500.000000, 78.975, 49.5076
12650.000000, 79.383, 54.3899
12800.000000, 79.969, 58.7192
13150.000000, 82.095, 64.4148
13200.000000, 82.480, 64.3984
13400.000000, 84.110, 61.1670
13600.000000, 85.530, 51.9029
13800.000000, 86.146, 37.5524
14000.000000, 85.597, 22.1073
14300.000000, 83.100, 5.7557
14500.000000, 81.047, 0.8883
14750.000000, 78.563, -0.3772
15000.000000, 76.185, 2.8922
15250.000000, 74.190, 14.0635
15500.000000, 74.007, 30.5737
15750.000000, 75.501, 36.8298
16000.000000, 76.949, 31.8964
16250.000000, 77.785, 20.6372
16500.000000, 77.809, 5.6439
16750.000000, 76.868, -10.1375
17000.000000, 75.121, -23.3141
17250.000000, 73.101, -32.5284
17500.000000, 71.387, -40.3661
17750.000000, 69.973, -50.9152
18000.000000, 68.318, -65.2405
18250.000000, 66.048, -82.2429
18500.000000, 62.996, -101.1576
18750.000000, 58.893, -118.8142
19000.000000, 54.981, -86.0966
19250.000000, 55.228, -59.9136
19500.000000, 56.199, -92.4370
19750.000000, 55.591, -135.1340
20000.000000, 54.438, -175.2065
