* Measurement data measured by REW V5.31.3
* Source: USB-C to 3.5mm Headphone Jack Adapter, USB-C to 3.5mm Headphone Jack Adapter, 0, volume: 0.264
* Format: 512k Log Swept Sine, 1 sweep at -12.0 dBFS with no timing reference
* Dated: Apr 29, 2025 6:48:42 AM
* REW Settings:
*  C-weighting compensation: Off
*  Target level: 75.0 dB
* Note: ; SN: 69
* Measurement: Subtonic Storm L
* Smoothing: 1/24 octave
* Frequency Step: 1/48 octave
* Start Frequency: 1.000 Hz
*
* Freq(Hz), SPL(dB), Phase(degrees)
1.000000, 72.005, 10.1090
1.015000, 72.092, 10.4495
1.030000, 72.181, 10.7547
1.044000, 72.267, 11.0056
1.060000, 72.367, 11.2496
1.075000, 72.462, 11.4353
1.090000, 72.560, 11.5789
1.106000, 72.668, 11.6945
1.120000, 72.767, 11.7808
1.138000, 72.900, 11.8818
1.150000, 72.994, 11.9427
1.172000, 73.172, 12.0368
1.180000, 73.239, 12.0645
1.206000, 73.464, 12.1263
1.220000, 73.590, 12.1395
1.241000, 73.782, 12.1300
1.250000, 73.866, 12.1144
1.265000, 74.008, 12.0721
1.280000, 74.151, 12.0086
1.315000, 74.488, 11.7726
1.320000, 74.536, 11.7284
1.340000, 74.730, 11.5242
1.360000, 74.922, 11.2749
1.380000, 75.113, 10.9790
1.400000, 75.301, 10.6347
1.430000, 75.576, 10.0246
1.450000, 75.753, 9.5539
1.475000, 75.969, 8.9002
1.500000, 76.181, 8.1971
1.525000, 76.393, 7.4588
1.550000, 76.605, 6.6895
1.575000, 76.816, 5.8911
1.600000, 77.025, 5.0653
1.625000, 77.233, 4.2128
1.650000, 77.438, 3.3341
1.675000, 77.641, 2.4290
1.700000, 77.842, 1.4969
1.725000, 78.039, 0.5367
1.750000, 78.232, -0.4532
1.775000, 78.421, -1.4748
1.800000, 78.606, -2.5305
1.825000, 78.786, -3.6236
1.850000, 78.962, -4.7585
1.875000, 79.134, -5.9355
1.900000, 79.303, -7.1482
1.925000, 79.467, -8.3889
1.950000, 79.629, -9.6504
1.975000, 79.787, -10.9269
2.000000, 79.941, -12.2133
2.030000, 80.123, -13.7645
2.060000, 80.299, -15.3190
2.090000, 80.472, -16.8733
2.120000, 80.640, -18.4256
2.140000, 80.750, -19.4590
2.180000, 80.964, -21.5262
2.200000, 81.068, -22.5662
2.240000, 81.270, -24.6916
2.270000, 81.416, -26.3321
2.300000, 81.558, -28.0022
2.330000, 81.695, -29.6907
2.360000, 81.828, -31.3874
2.400000, 81.999, -33.6470
2.430000, 82.122, -35.3302
2.470000, 82.281, -37.5479
2.500000, 82.396, -39.1856
2.540000, 82.544, -41.3322
2.580000, 82.686, -43.4573
2.620000, 82.820, -45.6139
2.650000, 82.917, -47.2606
2.690000, 83.040, -49.4813
2.720000, 83.128, -51.1538
2.760000, 83.239, -53.3762
2.800000, 83.344, -55.5725
2.850000, 83.468, -58.2546
2.900000, 83.583, -60.8431
2.950000, 83.689, -63.3517
3.000000, 83.786, -65.8603
3.040000, 83.856, -67.8843
3.070000, 83.906, -69.4049
3.110000, 83.966, -71.4230
3.150000, 84.021, -73.4157
3.200000, 84.083, -75.8457
3.250000, 84.138, -78.1802
3.300000, 84.186, -80.4071
3.350000, 84.226, -82.5701
3.400000, 84.258, -84.7120
3.450000, 84.281, -86.8300
3.500000, 84.298, -88.9066
3.550000, 84.309, -90.9206
3.600000, 84.317, -92.8481
3.650000, 84.320, -94.6693
3.700000, 84.319, -96.3900
3.750000, 84.311, -98.0386
3.820000, 84.292, -100.2467
3.870000, 84.274, -101.7507
3.950000, 84.243, -104.0125
4.000000, 84.226, -105.3205
4.060000, 84.206, -106.7672
4.120000, 84.186, -108.0804
4.180000, 84.165, -109.2772
4.250000, 84.143, -110.5518
4.310000, 84.130, -111.5589
4.370000, 84.126, -112.4977
4.440000, 84.134, -113.4926
4.500000, 84.148, -114.2378
4.550000, 84.166, -114.7925
4.620000, 84.199, -115.5008
4.680000, 84.236, -116.0760
4.750000, 84.289, -116.7412
4.820000, 84.354, -117.3929
4.870000, 84.409, -117.8347
4.940000, 84.494, -118.4272
5.000000, 84.573, -118.9284
5.080000, 84.680, -119.6181
5.150000, 84.776, -120.2604
5.220000, 84.874, -120.9336
5.300000, 84.991, -121.7245
5.380000, 85.106, -122.5285
5.450000, 85.202, -123.2393
5.520000, 85.291, -123.9614
5.600000, 85.386, -124.8107
5.700000, 85.495, -125.8868
5.800000, 85.592, -126.9281
5.900000, 85.674, -127.9028
6.000000, 85.740, -128.8310
6.080000, 85.785, -129.5340
6.150000, 85.820, -130.1034
6.220000, 85.853, -130.6175
6.300000, 85.887, -131.1353
6.400000, 85.924, -131.6918
6.500000, 85.960, -132.1597
6.600000, 86.003, -132.5424
6.700000, 86.052, -132.8312
6.800000, 86.107, -133.0419
6.900000, 86.171, -133.2167
7.000000, 86.246, -133.3813
7.100000, 86.333, -133.5288
7.200000, 86.428, -133.6762
7.300000, 86.528, -133.8577
7.400000, 86.632, -134.0885
7.500000, 86.741, -134.3607
7.620000, 86.872, -134.7401
7.750000, 87.008, -135.2252
7.880000, 87.138, -135.7841
8.000000, 87.250, -136.3383
8.120000, 87.353, -136.9105
8.250000, 87.454, -137.5505
8.380000, 87.548, -138.1947
8.500000, 87.630, -138.7771
8.620000, 87.708, -139.3508
8.750000, 87.789, -139.9747
8.850000, 87.853, -140.4595
9.000000, 87.948, -141.1985
9.120000, 88.024, -141.8221
9.250000, 88.105, -142.5479
9.380000, 88.183, -143.3247
9.500000, 88.249, -144.0896
9.620000, 88.307, -144.9076
9.750000, 88.359, -145.8425
9.880000, 88.397, -146.7979
10.000000, 88.416, -147.6890
10.150000, 88.421, -148.7932
10.300000, 88.406, -149.8214
10.440000, 88.374, -150.6927
10.600000, 88.328, -151.5535
10.750000, 88.282, -152.1928
10.900000, 88.240, -152.6851
11.060000, 88.214, -153.0771
11.200000, 88.212, -153.3278
11.380000, 88.242, -153.6368
11.500000, 88.284, -153.8743
11.720000, 88.395, -154.4779
11.800000, 88.443, -154.7820
12.060000, 88.603, -156.0868
12.200000, 88.677, -156.9901
12.410000, 88.758, -158.5362
12.500000, 88.777, -159.2337
12.650000, 88.786, -160.4181
12.800000, 88.769, -161.5594
13.150000, 88.641, -163.7519
13.200000, 88.617, -163.9874
13.400000, 88.520, -164.7009
13.600000, 88.441, -165.0741
13.800000, 88.402, -165.1624
14.000000, 88.417, -165.1226
14.300000, 88.542, -165.1371
14.500000, 88.673, -165.3956
14.750000, 88.854, -166.0896
15.000000, 89.020, -167.1650
15.250000, 89.144, -168.4817
15.500000, 89.219, -169.8587
15.750000, 89.252, -171.1463
16.000000, 89.260, -172.2410
16.250000, 89.264, -173.1323
16.500000, 89.280, -173.8719
16.750000, 89.313, -174.5548
17.000000, 89.358, -175.2716
17.250000, 89.406, -176.0684
17.500000, 89.442, -176.9440
17.750000, 89.458, -177.8486
18.000000, 89.453, -178.7179
18.250000, 89.432, -179.4923
18.500000, 89.403, 179.8605
18.750000, 89.377, 179.3353
19.000000, 89.361, 178.8992
19.250000, 89.359, 178.4990
19.500000, 89.368, 178.0879
19.750000, 89.383, 177.6356
20.000000, 89.400, 177.1337
20.299999, 89.417, 176.4814
20.600000, 89.429, 175.8042
20.900000, 89.436, 175.1278
21.200001, 89.444, 174.4587
21.400000, 89.451, 174.0110
21.799999, 89.468, 173.0882
22.000000, 89.477, 172.6048
22.400000, 89.493, 171.5911
22.700001, 89.500, 170.8018
23.000000, 89.503, 170.0026
23.299999, 89.503, 169.2026
23.600000, 89.499, 168.4044
24.000000, 89.489, 167.3426
24.299999, 89.476, 166.5558
24.700001, 89.448, 165.5536
25.000000, 89.421, 164.8701
25.400000, 89.385, 164.0847
25.799999, 89.362, 163.4254
26.200001, 89.364, 162.8018
26.500000, 89.378, 162.2860
26.900000, 89.401, 161.4766
27.200001, 89.409, 160.7892
27.600000, 89.397, 159.8493
28.000000, 89.362, 159.0000
28.500000, 89.312, 158.1628
29.000000, 89.288, 157.4767
29.500000, 89.289, 156.7157
30.000000, 89.286, 155.7786
30.400000, 89.263, 154.9728
30.700001, 89.233, 154.4004
31.100000, 89.187, 153.7292
31.500000, 89.145, 153.1581
32.000000, 89.113, 152.4862
32.500000, 89.095, 151.7386
33.000000, 89.075, 150.8840
33.500000, 89.042, 149.9963
34.000000, 89.001, 149.1600
34.500000, 88.964, 148.3909
35.000000, 88.937, 147.6382
35.500000, 88.916, 146.8524
36.000000, 88.893, 146.0353
36.500000, 88.864, 145.2256
37.000000, 88.832, 144.4491
37.500000, 88.801, 143.7020
38.200001, 88.753, 142.6970
38.700001, 88.717, 142.0269
39.500000, 88.669, 141.0154
40.000000, 88.645, 140.3499
40.599998, 88.609, 139.4769
41.200001, 88.556, 138.5888
41.799999, 88.490, 137.7756
42.500000, 88.417, 136.9334
43.099998, 88.364, 136.2409
43.700001, 88.317, 135.5405
44.400002, 88.267, 134.7222
45.000000, 88.231, 134.0244
45.500000, 88.206, 133.4302
46.200001, 88.174, 132.5554
46.799999, 88.143, 131.7807
47.500000, 88.099, 130.9030
48.200001, 88.055, 130.0737
48.700001, 88.024, 129.4934
49.400002, 87.977, 128.6820
50.000000, 87.933, 127.9961
50.799999, 87.869, 127.1062
51.500000, 87.809, 126.3442
52.200001, 87.748, 125.5950
53.000000, 87.679, 124.7414
53.799999, 87.609, 123.8766
54.500000, 87.546, 123.1304
55.200001, 87.486, 122.4081
56.000000, 87.425, 121.5872
57.000000, 87.353, 120.5243
58.000000, 87.274, 119.4551
59.000000, 87.187, 118.5039
60.000000, 87.113, 117.6562
60.799999, 87.062, 116.9472
61.500000, 87.012, 116.3077
62.200001, 86.960, 115.6835
63.000000, 86.901, 114.9844
64.000000, 86.828, 114.1110
65.000000, 86.758, 113.2327
66.000000, 86.687, 112.3360
67.000000, 86.611, 111.4483
68.000000, 86.532, 110.6174
69.000000, 86.459, 109.8552
70.000000, 86.393, 109.0742
71.000000, 86.322, 108.2736
72.000000, 86.250, 107.4964
73.000000, 86.178, 106.7210
74.000000, 86.107, 105.9591
75.000000, 86.039, 105.1971
76.199997, 85.957, 104.2922
77.500000, 85.872, 103.3354
78.800003, 85.785, 102.3896
80.000000, 85.704, 101.5428
81.199997, 85.621, 100.7183
82.500000, 85.534, 99.8461
83.800003, 85.446, 98.9998
85.000000, 85.369, 98.2301
86.199997, 85.289, 97.4789
87.500000, 85.208, 96.7100
88.500000, 85.149, 96.0919
90.000000, 85.056, 95.1460
91.199997, 84.981, 94.3989
92.500000, 84.900, 93.6046
93.800003, 84.819, 92.8603
95.000000, 84.750, 92.2217
96.199997, 84.687, 91.5633
97.500000, 84.612, 90.8341
98.800003, 84.536, 90.1703
100.000000, 84.470, 89.5402
101.500000, 84.382, 88.7361
103.000000, 84.295, 87.9837
104.400002, 84.220, 87.2857
106.000000, 84.135, 86.4770
107.500000, 84.053, 85.7350
109.000000, 83.974, 85.0273
110.599998, 83.893, 84.2627
112.000000, 83.822, 83.5978
113.800003, 83.729, 82.7609
115.000000, 83.668, 82.2197
117.199997, 83.561, 81.2412
118.000000, 83.523, 80.8924
120.599998, 83.403, 79.8051
122.000000, 83.342, 79.2560
124.099998, 83.253, 78.4149
125.000000, 83.215, 78.0586
126.500000, 83.150, 77.4675
128.000000, 83.083, 76.9009
131.500000, 82.934, 75.6692
132.000000, 82.913, 75.4962
134.000000, 82.829, 74.8032
136.000000, 82.749, 74.1077
138.000000, 82.677, 73.3854
140.000000, 82.604, 72.6759
143.000000, 82.497, 71.7117
145.000000, 82.429, 71.1143
147.500000, 82.349, 70.3626
150.000000, 82.264, 69.5863
152.500000, 82.177, 68.8595
155.000000, 82.099, 68.1588
157.500000, 82.029, 67.4416
160.000000, 81.957, 66.7574
162.500000, 81.883, 66.1190
165.000000, 81.815, 65.5303
167.500000, 81.757, 64.9163
170.000000, 81.697, 64.2774
172.500000, 81.635, 63.6883
175.000000, 81.573, 63.1130
177.500000, 81.516, 62.5756
180.000000, 81.467, 62.0446
182.500000, 81.419, 61.5298
185.000000, 81.369, 61.0226
187.500000, 81.321, 60.5054
190.000000, 81.279, 59.9885
192.500000, 81.241, 59.4938
195.000000, 81.205, 59.0326
197.500000, 81.177, 58.5881
200.000000, 81.153, 58.1243
203.000000, 81.122, 57.6049
206.000000, 81.086, 57.0777
209.000000, 81.049, 56.5180
212.000000, 81.019, 55.9469
214.000000, 81.000, 55.5797
218.000000, 80.964, 54.8760
220.000000, 80.947, 54.5108
224.000000, 80.910, 53.7792
227.000000, 80.885, 53.2421
230.000000, 80.864, 52.7271
233.000000, 80.845, 52.2362
236.000000, 80.827, 51.7640
240.000000, 80.807, 51.1485
243.000000, 80.789, 50.6960
247.000000, 80.763, 50.1030
250.000000, 80.746, 49.6707
254.000000, 80.730, 49.1096
258.000000, 80.718, 48.5393
262.000000, 80.704, 47.9616
265.000000, 80.694, 47.5444
269.000000, 80.686, 47.0115
272.000000, 80.682, 46.6024
276.000000, 80.677, 46.0481
280.000000, 80.675, 45.5378
285.000000, 80.675, 44.9156
290.000000, 80.675, 44.2741
295.000000, 80.675, 43.6602
300.000000, 80.681, 43.0455
304.000000, 80.690, 42.5251
307.000000, 80.695, 42.1398
311.000000, 80.700, 41.6494
315.000000, 80.705, 41.1660
320.000000, 80.715, 40.5795
325.000000, 80.724, 39.9952
330.000000, 80.733, 39.4186
335.000000, 80.747, 38.8289
340.000000, 80.764, 38.2117
345.000000, 80.776, 37.6337
350.000000, 80.788, 37.0933
355.000000, 80.804, 36.5449
360.000000, 80.819, 35.9844
365.000000, 80.834, 35.4092
370.000000, 80.851, 34.8435
375.000000, 80.868, 34.2925
382.000000, 80.884, 33.5228
387.000000, 80.896, 32.9687
395.000000, 80.922, 32.0947
400.000000, 80.938, 31.5575
406.000000, 80.956, 30.9264
412.000000, 80.970, 30.2991
418.000000, 80.984, 29.6643
425.000000, 81.005, 28.9517
431.000000, 81.023, 28.3369
437.000000, 81.037, 27.7230
444.000000, 81.052, 27.0332
450.000000, 81.065, 26.4603
455.000000, 81.074, 25.9876
462.000000, 81.085, 25.3058
468.000000, 81.096, 24.7152
475.000000, 81.110, 24.0345
482.000000, 81.121, 23.3800
487.000000, 81.128, 22.9216
494.000000, 81.136, 22.2992
500.000000, 81.141, 21.7694
508.000000, 81.149, 21.0574
515.000000, 81.157, 20.4359
522.000000, 81.160, 19.8416
530.000000, 81.163, 19.1862
538.000000, 81.165, 18.5433
545.000000, 81.168, 17.9792
552.000000, 81.170, 17.4319
560.000000, 81.171, 16.8265
570.000000, 81.169, 16.0770
580.000000, 81.164, 15.3484
590.000000, 81.159, 14.6507
600.000000, 81.154, 13.9747
608.000000, 81.148, 13.4474
615.000000, 81.141, 12.9981
622.000000, 81.134, 12.5615
630.000000, 81.129, 12.0850
640.000000, 81.119, 11.5113
650.000000, 81.105, 10.9546
660.000000, 81.092, 10.4287
670.000000, 81.080, 9.9382
680.000000, 81.066, 9.4550
690.000000, 81.054, 8.9968
700.000000, 81.043, 8.5649
710.000000, 81.031, 8.1614
720.000000, 81.020, 7.7742
730.000000, 81.008, 7.3984
740.000000, 80.999, 7.0521
750.000000, 80.989, 6.7441
762.000000, 80.979, 6.3974
775.000000, 80.969, 6.0444
788.000000, 80.961, 5.7137
800.000000, 80.955, 5.4398
812.000000, 80.955, 5.2133
825.000000, 80.957, 4.9841
838.000000, 80.962, 4.7611
850.000000, 80.968, 4.5851
862.000000, 80.981, 4.4420
875.000000, 80.997, 4.2939
885.000000, 81.012, 4.1843
900.000000, 81.042, 4.0355
912.000000, 81.072, 3.9258
925.000000, 81.109, 3.8042
938.000000, 81.150, 3.6896
950.000000, 81.192, 3.5914
962.000000, 81.238, 3.4965
975.000000, 81.293, 3.3707
988.000000, 81.350, 3.2114
1000.000000, 81.406, 3.0570
1015.000000, 81.480, 2.8551
1030.000000, 81.555, 2.6352
1044.000000, 81.627, 2.4021
1060.000000, 81.713, 2.1074
1075.000000, 81.795, 1.8088
1090.000000, 81.877, 1.4806
1106.000000, 81.965, 1.0932
1120.000000, 82.042, 0.7296
1138.000000, 82.138, 0.2395
1150.000000, 82.201, -0.1046
1172.000000, 82.314, -0.7603
1180.000000, 82.354, -1.0057
1206.000000, 82.481, -1.8317
1220.000000, 82.547, -2.2955
1241.000000, 82.641, -2.9973
1250.000000, 82.678, -3.2950
1265.000000, 82.739, -3.7922
1280.000000, 82.798, -4.2874
1315.000000, 82.929, -5.4265
1320.000000, 82.946, -5.5888
1340.000000, 83.016, -6.2222
1360.000000, 83.082, -6.8315
1380.000000, 83.146, -7.4274
1400.000000, 83.209, -8.0156
1430.000000, 83.305, -8.8688
1450.000000, 83.369, -9.4125
1475.000000, 83.450, -10.0751
1500.000000, 83.530, -10.7146
1525.000000, 83.610, -11.3430
1550.000000, 83.694, -11.9641
1575.000000, 83.781, -12.5821
1600.000000, 83.869, -13.2062
1625.000000, 83.957, -13.8448
1650.000000, 84.047, -14.4949
1675.000000, 84.137, -15.1406
1700.000000, 84.225, -15.7826
1725.000000, 84.314, -16.4233
1750.000000, 84.404, -17.0639
1775.000000, 84.494, -17.7096
1800.000000, 84.584, -18.3440
1825.000000, 84.677, -18.9767
1850.000000, 84.772, -19.6279
1875.000000, 84.867, -20.3035
1900.000000, 84.965, -20.9953
1925.000000, 85.064, -21.7086
1950.000000, 85.161, -22.4595
1975.000000, 85.256, -23.2361
2000.000000, 85.349, -24.0399
2030.000000, 85.455, -25.0555
2060.000000, 85.555, -26.0991
2090.000000, 85.647, -27.1675
2120.000000, 85.731, -28.2627
2140.000000, 85.782, -29.0003
2180.000000, 85.869, -30.4824
2200.000000, 85.905, -31.2181
2240.000000, 85.962, -32.6561
2270.000000, 85.993, -33.6898
2300.000000, 86.015, -34.6698
2330.000000, 86.027, -35.5807
2360.000000, 86.033, -36.4071
2400.000000, 86.037, -37.3744
2430.000000, 86.041, -37.9946
2470.000000, 86.056, -38.6703
2500.000000, 86.079, -39.0981
2540.000000, 86.127, -39.6042
2580.000000, 86.196, -40.0881
2620.000000, 86.283, -40.6094
2650.000000, 86.358, -41.0387
2690.000000, 86.463, -41.6486
2720.000000, 86.544, -42.1205
2760.000000, 86.657, -42.7516
2800.000000, 86.780, -43.3816
2850.000000, 86.957, -44.1968
2900.000000, 87.165, -45.1287
2950.000000, 87.404, -46.3159
3000.000000, 87.661, -47.9138
3040.000000, 87.864, -49.5601
3070.000000, 88.000, -51.0275
3110.000000, 88.144, -53.2754
3150.000000, 88.222, -55.7587
3200.000000, 88.210, -58.9424
3250.000000, 88.076, -61.8647
3300.000000, 87.852, -64.2045
3350.000000, 87.587, -65.7988
3400.000000, 87.333, -66.6603
3450.000000, 87.130, -66.9370
3500.000000, 86.999, -66.8542
3550.000000, 86.951, -66.6415
3600.000000, 86.981, -66.5042
3650.000000, 87.075, -66.6152
3700.000000, 87.220, -67.1108
3750.000000, 87.390, -68.1020
3820.000000, 87.622, -70.4479
3870.000000, 87.741, -72.8080
3950.000000, 87.764, -77.5297
4000.000000, 87.636, -80.7987
4060.000000, 87.320, -84.6551
4120.000000, 86.833, -88.0333
4180.000000, 86.201, -90.5608
4250.000000, 85.341, -92.0849
4310.000000, 84.554, -91.9694
4370.000000, 83.781, -90.4200
4440.000000, 82.999, -86.7783
4500.000000, 82.534, -82.3824
4550.000000, 82.346, -78.3353
4620.000000, 82.370, -73.2107
4680.000000, 82.546, -69.9495
4750.000000, 82.786, -67.3602
4820.000000, 83.000, -65.4513
4870.000000, 83.143, -64.2148
4940.000000, 83.367, -62.5061
5000.000000, 83.608, -61.1106
5080.000000, 84.034, -59.6354
5150.000000, 84.506, -59.1035
5220.000000, 85.038, -59.7076
5300.000000, 85.634, -62.2016
5380.000000, 86.064, -66.7272
5450.000000, 86.171, -71.9115
5520.000000, 85.952, -77.3683
5600.000000, 85.319, -82.6974
5700.000000, 84.148, -86.5066
5800.000000, 82.863, -86.7108
5900.000000, 81.712, -83.9802
6000.000000, 80.817, -79.3812
6080.000000, 80.305, -75.0054
6150.000000, 80.002, -70.9883
6220.000000, 79.830, -67.0018
6300.000000, 79.777, -62.7286
6400.000000, 79.884, -58.1846
6500.000000, 80.132, -55.0181
6600.000000, 80.422, -53.7026
6700.000000, 80.610, -54.4229
6800.000000, 80.521, -56.8674
6900.000000, 79.998, -60.0519
7000.000000, 78.953, -62.4318
7100.000000, 77.391, -62.0596
7200.000000, 75.449, -56.3847
7300.000000, 73.586, -41.9354
7400.000000, 72.875, -18.0017
7500.000000, 73.998, 4.9825
7620.000000, 76.445, 20.3945
7750.000000, 79.015, 26.6578
7880.000000, 81.162, 27.7029
8000.000000, 82.817, 26.1971
8120.000000, 84.220, 22.9615
8250.000000, 85.450, 17.6411
8380.000000, 86.301, 10.6426
8500.000000, 86.658, 3.3619
8620.000000, 86.573, -3.6317
8750.000000, 86.063, -9.6160
8850.000000, 85.482, -12.5566
9000.000000, 84.513, -14.1504
9120.000000, 83.781, -13.3802
9250.000000, 83.109, -11.0725
9380.000000, 82.596, -7.7529
9500.000000, 82.278, -4.2064
9620.000000, 82.105, -0.5280
9750.000000, 82.063, 3.2690
9880.000000, 82.141, 6.5695
10000.000000, 82.285, 8.9770
10150.000000, 82.497, 10.9235
10300.000000, 82.654, 11.7279
10440.000000, 82.680, 11.7810
10600.000000, 82.533, 11.6678
10750.000000, 82.255, 11.9667
10900.000000, 81.902, 12.9379
11060.000000, 81.497, 14.6677
11200.000000, 81.129, 16.6781
11380.000000, 80.664, 20.1742
11500.000000, 80.396, 22.9950
11720.000000, 80.007, 28.7777
11800.000000, 79.900, 31.0960
12060.000000, 79.740, 39.3421
12200.000000, 79.802, 44.0283
12410.000000, 80.131, 51.0238
12500.000000, 80.365, 53.9060
12650.000000, 80.892, 58.3665
12800.000000, 81.601, 62.1458
13150.000000, 83.982, 65.6544
13200.000000, 84.383, 65.1752
13400.000000, 85.950, 59.8676
13600.000000, 87.059, 49.1111
13800.000000, 87.238, 35.2495
14000.000000, 86.405, 22.5040
14300.000000, 84.113, 11.5007
14500.000000, 82.558, 9.4325
14750.000000, 80.977, 10.3050
15000.000000, 79.865, 13.0358
15250.000000, 79.266, 16.5095
15500.000000, 79.308, 19.0461
15750.000000, 79.911, 17.6632
16000.000000, 80.659, 10.5424
16250.000000, 81.047, -2.3467
16500.000000, 80.542, -18.8257
16750.000000, 78.980, -34.4703
17000.000000, 76.741, -45.9942
17250.000000, 74.411, -53.1923
17500.000000, 72.446, -58.3771
17750.000000, 70.961, -65.0320
18000.000000, 69.616, -75.2761
18250.000000, 67.977, -88.8706
18500.000000, 65.768, -104.4753
18750.000000, 62.780, -119.4333
19000.000000, 59.288, -129.3036
19250.000000, 56.859, -139.3309
19500.000000, 55.475, -161.5345
19750.000000, 53.435, 165.8732
20000.000000, 51.263, 133.6686
