* Measurement data measured by REW V5.31.3
* Source: USB-C to 3.5mm Headphone Jack Adapter, USB-C to 3.5mm Headphone Jack Adapter, 0, volume: 0.264
* Format: 256k Log Swept Sine, 1 sweep at -12.0 dBFS with no timing reference
* Dated: Feb 24, 2025 12:11:36 PM
* REW Settings:
*  C-weighting compensation: Off
*  Target level: 75.0 dB
* Note: ; 
* Measurement: Tanchjim Oxygen L
* Smoothing: 1/24 octave
* Frequency Step: 1/48 octave
* Start Frequency: 1.000 Hz
*
* Freq(Hz), SPL(dB), Phase(degrees)
1.000000, 42.730, 8.4166
1.015000, 42.947, 7.8818
1.030000, 43.162, 7.3426
1.044000, 43.360, 6.8344
1.060000, 43.586, 6.2472
1.075000, 43.796, 5.6896
1.090000, 44.005, 5.1250
1.106000, 44.226, 4.5171
1.120000, 44.417, 3.9854
1.138000, 44.660, 3.3060
1.150000, 44.819, 2.8562
1.172000, 45.108, 2.0384
1.180000, 45.212, 1.7434
1.206000, 45.544, 0.7928
1.220000, 45.720, 0.2862
1.241000, 45.981, -0.4667
1.250000, 46.091, -0.7869
1.265000, 46.273, -1.3174
1.280000, 46.454, -1.8441
1.315000, 46.868, -3.0588
1.320000, 46.926, -3.2309
1.340000, 47.157, -3.9156
1.360000, 47.386, -4.5952
1.380000, 47.612, -5.2702
1.400000, 47.835, -5.9412
1.430000, 48.165, -6.9416
1.450000, 48.383, -7.6050
1.475000, 48.652, -8.4290
1.500000, 48.916, -9.2422
1.525000, 49.175, -10.0425
1.550000, 49.429, -10.8312
1.575000, 49.678, -11.6097
1.600000, 49.923, -12.3794
1.625000, 50.163, -13.1420
1.650000, 50.400, -13.8987
1.675000, 50.632, -14.6512
1.700000, 50.860, -15.4007
1.725000, 51.085, -16.1488
1.750000, 51.307, -16.8966
1.775000, 51.526, -17.6456
1.800000, 51.742, -18.3970
1.825000, 51.954, -19.1518
1.850000, 52.164, -19.9099
1.875000, 52.370, -20.6696
1.900000, 52.572, -21.4291
1.925000, 52.770, -22.1868
1.950000, 52.965, -22.9414
1.975000, 53.156, -23.6919
2.000000, 53.344, -24.4376
2.030000, 53.565, -25.3252
2.060000, 53.782, -26.2041
2.090000, 53.995, -27.0741
2.120000, 54.204, -27.9349
2.140000, 54.341, -28.5037
2.180000, 54.612, -29.6302
2.200000, 54.744, -30.1891
2.240000, 55.005, -31.3042
2.270000, 55.195, -32.1395
2.300000, 55.381, -32.9723
2.330000, 55.563, -33.8005
2.360000, 55.741, -34.6225
2.400000, 55.973, -35.7062
2.430000, 56.143, -36.5083
2.470000, 56.364, -37.5616
2.500000, 56.527, -38.3387
2.540000, 56.741, -39.3569
2.580000, 56.949, -40.3586
2.620000, 57.152, -41.3530
2.650000, 57.300, -42.0957
2.690000, 57.493, -43.0795
2.720000, 57.634, -43.8109
2.760000, 57.817, -44.7748
2.800000, 57.996, -45.7233
2.850000, 58.215, -46.8836
2.900000, 58.427, -48.0127
2.950000, 58.635, -49.1131
3.000000, 58.836, -50.1971
3.040000, 58.992, -51.0551
3.070000, 59.106, -51.6924
3.110000, 59.255, -52.5319
3.150000, 59.401, -53.3582
3.200000, 59.579, -54.3695
3.250000, 59.754, -55.3539
3.300000, 59.925, -56.3107
3.350000, 60.092, -57.2450
3.400000, 60.254, -58.1625
3.450000, 60.412, -59.0638
3.500000, 60.567, -59.9481
3.550000, 60.718, -60.8147
3.600000, 60.867, -61.6628
3.650000, 61.014, -62.4918
3.700000, 61.158, -63.3030
3.750000, 61.300, -64.0988
3.820000, 61.493, -65.1897
3.870000, 61.629, -65.9535
3.950000, 61.841, -67.1504
4.000000, 61.972, -67.8836
4.060000, 62.127, -68.7489
4.120000, 62.279, -69.5989
4.180000, 62.429, -70.4351
4.250000, 62.600, -71.3954
4.310000, 62.744, -72.2071
4.370000, 62.886, -73.0101
4.440000, 63.049, -73.9373
4.500000, 63.186, -74.7243
4.550000, 63.298, -75.3744
4.620000, 63.453, -76.2759
4.680000, 63.582, -77.0404
4.750000, 63.730, -77.9234
4.820000, 63.874, -78.7993
4.870000, 63.975, -79.4215
4.940000, 64.114, -80.2865
5.000000, 64.230, -81.0205
5.080000, 64.380, -81.9859
5.150000, 64.508, -82.8183
5.220000, 64.632, -83.6429
5.300000, 64.769, -84.5759
5.380000, 64.902, -85.4945
5.450000, 65.015, -86.2830
5.520000, 65.126, -87.0566
5.600000, 65.247, -87.9264
5.700000, 65.394, -88.9931
5.800000, 65.536, -90.0319
5.900000, 65.673, -91.0389
6.000000, 65.805, -92.0181
6.080000, 65.908, -92.7832
6.150000, 65.996, -93.4393
6.220000, 66.083, -94.0824
6.300000, 66.181, -94.8021
6.400000, 66.300, -95.6808
6.500000, 66.417, -96.5392
6.600000, 66.532, -97.3801
6.700000, 66.645, -98.2040
6.800000, 66.757, -99.0126
6.900000, 66.866, -99.8088
7.000000, 66.973, -100.5952
7.100000, 67.078, -101.3722
7.200000, 67.181, -102.1404
7.300000, 67.282, -102.9008
7.400000, 67.381, -103.6547
7.500000, 67.478, -104.4024
7.620000, 67.590, -105.2905
7.750000, 67.708, -106.2409
7.880000, 67.822, -107.1805
8.000000, 67.924, -108.0369
8.120000, 68.022, -108.8818
8.250000, 68.125, -109.7854
8.380000, 68.224, -110.6766
8.500000, 68.312, -111.4878
8.620000, 68.398, -112.2890
8.750000, 68.487, -113.1460
8.850000, 68.554, -113.7976
9.000000, 68.650, -114.7635
9.120000, 68.725, -115.5259
9.250000, 68.802, -116.3415
9.380000, 68.876, -117.1466
9.500000, 68.941, -117.8788
9.620000, 69.004, -118.6001
9.750000, 69.069, -119.3692
9.880000, 69.132, -120.1236
10.000000, 69.187, -120.8063
10.150000, 69.254, -121.6419
10.300000, 69.318, -122.4572
10.440000, 69.377, -123.2004
10.600000, 69.441, -124.0316
10.750000, 69.501, -124.7954
10.900000, 69.560, -125.5465
11.060000, 69.621, -126.3380
11.200000, 69.674, -127.0239
11.380000, 69.741, -127.8991
11.500000, 69.784, -128.4797
11.720000, 69.860, -129.5368
11.800000, 69.886, -129.9187
12.060000, 69.968, -131.1475
12.200000, 70.009, -131.7988
12.410000, 70.068, -132.7600
12.500000, 70.093, -133.1653
12.650000, 70.132, -133.8320
12.800000, 70.170, -134.4880
13.150000, 70.254, -135.9803
13.200000, 70.266, -136.1896
13.400000, 70.311, -137.0178
13.600000, 70.354, -137.8309
13.800000, 70.394, -138.6273
14.000000, 70.431, -139.4020
14.300000, 70.484, -140.5142
14.500000, 70.517, -141.2167
14.750000, 70.560, -142.0522
15.000000, 70.606, -142.8495
15.250000, 70.657, -143.6279
15.500000, 70.712, -144.4100
15.750000, 70.769, -145.2130
16.000000, 70.823, -146.0440
16.250000, 70.871, -146.8925
16.500000, 70.910, -147.7365
16.750000, 70.939, -148.5466
17.000000, 70.961, -149.2970
17.250000, 70.982, -149.9765
17.500000, 71.007, -150.5907
17.750000, 71.039, -151.1661
18.000000, 71.079, -151.7383
18.250000, 71.127, -152.3430
18.500000, 71.176, -153.0043
18.750000, 71.220, -153.7251
19.000000, 71.254, -154.4899
19.250000, 71.275, -155.2660
19.500000, 71.283, -156.0168
19.750000, 71.280, -156.7107
20.000000, 71.271, -157.3284
20.299999, 71.260, -157.9691
20.600000, 71.256, -158.5276
20.900000, 71.263, -159.0496
21.200001, 71.278, -159.5797
21.400000, 71.290, -159.9514
21.799999, 71.314, -160.7445
22.000000, 71.324, -161.1589
22.400000, 71.335, -161.9939
22.700001, 71.338, -162.6062
23.000000, 71.339, -163.1979
23.299999, 71.340, -163.7704
23.600000, 71.341, -164.3293
24.000000, 71.342, -165.0616
24.299999, 71.343, -165.6035
24.700001, 71.343, -166.3153
25.000000, 71.344, -166.8410
25.400000, 71.345, -167.5338
25.799999, 71.347, -168.2221
26.200001, 71.347, -168.9070
26.500000, 71.346, -169.4150
26.900000, 71.342, -170.0781
27.200001, 71.338, -170.5614
27.600000, 71.333, -171.1873
28.000000, 71.328, -171.7970
28.500000, 71.321, -172.5448
29.000000, 71.313, -173.2765
29.500000, 71.302, -173.9850
30.000000, 71.291, -174.6699
30.400000, 71.282, -175.2087
30.700001, 71.275, -175.6117
31.100000, 71.264, -176.1478
31.500000, 71.251, -176.6765
32.000000, 71.232, -177.3141
32.500000, 71.213, -177.9219
33.000000, 71.196, -178.5138
33.500000, 71.180, -179.1078
34.000000, 71.163, -179.7071
34.500000, 71.143, 179.6998
35.000000, 71.121, 179.1242
35.500000, 71.098, 178.5683
36.000000, 71.075, 178.0301
36.500000, 71.053, 177.5078
37.000000, 71.031, 176.9970
37.500000, 71.010, 176.4903
38.200001, 70.979, 175.7832
38.700001, 70.953, 175.2916
39.500000, 70.911, 174.5503
40.000000, 70.887, 174.1050
40.599998, 70.860, 173.5671
41.200001, 70.831, 173.0176
41.799999, 70.800, 172.4664
42.500000, 70.759, 171.8459
43.099998, 70.724, 171.3460
43.700001, 70.691, 170.8646
44.400002, 70.655, 170.3012
45.000000, 70.622, 169.8206
45.500000, 70.592, 169.4357
46.200001, 70.552, 168.9250
46.799999, 70.518, 168.5036
47.500000, 70.478, 168.0276
48.200001, 70.441, 167.5460
48.700001, 70.413, 167.1779
49.400002, 70.361, 166.6657
50.000000, 70.309, 166.3138
50.799999, 70.259, 165.9697
51.500000, 70.242, 165.5856
52.200001, 70.221, 165.0160
53.000000, 70.167, 164.3184
53.799999, 70.094, 163.7881
54.500000, 70.040, 163.4769
55.200001, 70.006, 163.2085
56.000000, 69.982, 162.8163
57.000000, 69.938, 162.2298
58.000000, 69.888, 161.7032
59.000000, 69.835, 161.0817
60.000000, 69.750, 160.4627
60.799999, 69.676, 160.1049
61.500000, 69.619, 159.8259
62.200001, 69.565, 159.5483
63.000000, 69.506, 159.2620
64.000000, 69.443, 158.9413
65.000000, 69.391, 158.6058
66.000000, 69.340, 158.2582
67.000000, 69.289, 157.9527
68.000000, 69.247, 157.6476
69.000000, 69.204, 157.2654
70.000000, 69.151, 156.8865
71.000000, 69.104, 156.5531
72.000000, 69.066, 156.1353
73.000000, 69.018, 155.6255
74.000000, 68.955, 155.1344
75.000000, 68.884, 154.7245
76.199997, 68.813, 154.4287
77.500000, 68.772, 154.0032
78.800003, 68.697, 153.4947
80.000000, 68.610, 153.3585
81.199997, 68.531, 153.3991
82.500000, 68.439, 153.4246
83.800003, 68.319, 153.2786
85.000000, 68.179, 152.9743
86.199997, 68.041, 152.5814
87.500000, 67.949, 151.9715
88.500000, 67.921, 151.2919
90.000000, 67.897, 150.2399
91.199997, 67.864, 149.8190
92.500000, 67.823, 150.0048
93.800003, 67.780, 150.5204
95.000000, 67.725, 150.8751
96.199997, 67.640, 150.8027
97.500000, 67.507, 150.2836
98.800003, 67.363, 149.5842
100.000000, 67.261, 149.0887
101.500000, 67.208, 148.7691
103.000000, 67.194, 148.6524
104.400002, 67.153, 148.6391
106.000000, 67.041, 148.6374
107.500000, 66.901, 148.6277
109.000000, 66.774, 148.5438
110.599998, 66.677, 148.4495
112.000000, 66.622, 148.4694
113.800003, 66.564, 148.6498
115.000000, 66.522, 148.8016
117.199997, 66.442, 149.0144
118.000000, 66.421, 149.0378
120.599998, 66.386, 148.8212
122.000000, 66.370, 148.6033
124.099998, 66.322, 148.2837
125.000000, 66.293, 148.1445
126.500000, 66.234, 147.9183
128.000000, 66.169, 147.6921
131.500000, 66.006, 147.2966
132.000000, 65.982, 147.2566
134.000000, 65.882, 147.1002
136.000000, 65.786, 146.9425
138.000000, 65.701, 146.7983
140.000000, 65.623, 146.7155
143.000000, 65.499, 146.7102
145.000000, 65.412, 146.7068
147.500000, 65.307, 146.6463
150.000000, 65.211, 146.5747
152.500000, 65.120, 146.5469
155.000000, 65.025, 146.5574
157.500000, 64.925, 146.5567
160.000000, 64.829, 146.5572
162.500000, 64.737, 146.5768
165.000000, 64.650, 146.6370
167.500000, 64.562, 146.6651
170.000000, 64.474, 146.6980
172.500000, 64.391, 146.7260
175.000000, 64.314, 146.7797
177.500000, 64.236, 146.8054
180.000000, 64.150, 146.8922
182.500000, 64.074, 147.0161
185.000000, 63.999, 147.0788
187.500000, 63.921, 147.1867
190.000000, 63.849, 147.2877
192.500000, 63.772, 147.3742
195.000000, 63.698, 147.5099
197.500000, 63.631, 147.6394
200.000000, 63.564, 147.7366
203.000000, 63.479, 147.8860
206.000000, 63.396, 148.0650
209.000000, 63.319, 148.1906
212.000000, 63.243, 148.3050
214.000000, 63.192, 148.4089
218.000000, 63.090, 148.6481
220.000000, 63.041, 148.7655
224.000000, 62.946, 148.9937
227.000000, 62.875, 149.1699
230.000000, 62.804, 149.3489
233.000000, 62.735, 149.5297
236.000000, 62.669, 149.7149
240.000000, 62.582, 149.9667
243.000000, 62.519, 150.1510
247.000000, 62.436, 150.3959
250.000000, 62.374, 150.5865
254.000000, 62.293, 150.8516
258.000000, 62.213, 151.1275
262.000000, 62.135, 151.4022
265.000000, 62.078, 151.6033
269.000000, 62.003, 151.8769
272.000000, 61.948, 152.0887
276.000000, 61.876, 152.3743
280.000000, 61.807, 152.6600
285.000000, 61.721, 153.0262
290.000000, 61.638, 153.3962
295.000000, 61.559, 153.7588
300.000000, 61.481, 154.1167
304.000000, 61.419, 154.4137
307.000000, 61.374, 154.6385
311.000000, 61.315, 154.9392
315.000000, 61.257, 155.2404
320.000000, 61.187, 155.6171
325.000000, 61.119, 156.0005
330.000000, 61.052, 156.3851
335.000000, 60.987, 156.7725
340.000000, 60.924, 157.1556
345.000000, 60.862, 157.5258
350.000000, 60.801, 157.9133
355.000000, 60.742, 158.3028
360.000000, 60.686, 158.6820
365.000000, 60.631, 159.0642
370.000000, 60.578, 159.4456
375.000000, 60.525, 159.8255
382.000000, 60.454, 160.3700
387.000000, 60.404, 160.7561
395.000000, 60.327, 161.3732
400.000000, 60.280, 161.7552
406.000000, 60.226, 162.2170
412.000000, 60.174, 162.6799
418.000000, 60.123, 163.1387
425.000000, 60.064, 163.6771
431.000000, 60.017, 164.1360
437.000000, 59.971, 164.5910
444.000000, 59.919, 165.1243
450.000000, 59.875, 165.5807
455.000000, 59.840, 165.9583
462.000000, 59.792, 166.4841
468.000000, 59.753, 166.9402
475.000000, 59.708, 167.4728
482.000000, 59.664, 167.9944
487.000000, 59.635, 168.3698
494.000000, 59.594, 168.8987
500.000000, 59.560, 169.3521
508.000000, 59.517, 169.9509
515.000000, 59.480, 170.4740
522.000000, 59.444, 170.9964
530.000000, 59.406, 171.5948
538.000000, 59.369, 172.1958
545.000000, 59.337, 172.7139
552.000000, 59.306, 173.2286
560.000000, 59.273, 173.8235
570.000000, 59.234, 174.5689
580.000000, 59.197, 175.3098
590.000000, 59.162, 176.0501
600.000000, 59.129, 176.7935
608.000000, 59.103, 177.3859
615.000000, 59.082, 177.9092
622.000000, 59.062, 178.4321
630.000000, 59.041, 179.0270
640.000000, 59.016, 179.7698
650.000000, 58.994, -179.4810
660.000000, 58.972, -178.7319
670.000000, 58.953, -177.9821
680.000000, 58.935, -177.2297
690.000000, 58.919, -176.4767
700.000000, 58.905, -175.7122
710.000000, 58.894, -174.9507
720.000000, 58.887, -174.1885
730.000000, 58.882, -173.4407
740.000000, 58.875, -172.6729
750.000000, 58.871, -171.8707
762.000000, 58.869, -170.9178
775.000000, 58.872, -169.8787
788.000000, 58.887, -168.8641
800.000000, 58.899, -167.9695
812.000000, 58.913, -167.0348
825.000000, 58.932, -166.0102
838.000000, 58.956, -164.9838
850.000000, 58.986, -164.0343
862.000000, 59.022, -163.0690
875.000000, 59.062, -162.0424
885.000000, 59.097, -161.2702
900.000000, 59.157, -160.1243
912.000000, 59.213, -159.1981
925.000000, 59.277, -158.1698
938.000000, 59.345, -157.1700
950.000000, 59.413, -156.2781
962.000000, 59.486, -155.4201
975.000000, 59.571, -154.5071
988.000000, 59.662, -153.6018
1000.000000, 59.749, -152.7876
1015.000000, 59.860, -151.7956
1030.000000, 59.976, -150.7989
1044.000000, 60.094, -149.8137
1060.000000, 60.260, -148.6363
1075.000000, 60.464, -147.7358
1090.000000, 60.668, -147.2941
1106.000000, 60.839, -147.0391
1120.000000, 60.962, -146.7561
1138.000000, 61.113, -146.3009
1150.000000, 61.214, -145.9773
1172.000000, 61.400, -145.3754
1180.000000, 61.468, -145.1470
1206.000000, 61.715, -144.3605
1220.000000, 61.870, -144.0037
1241.000000, 62.120, -143.7782
1250.000000, 62.222, -143.8101
1265.000000, 62.375, -143.9769
1280.000000, 62.505, -144.2081
1315.000000, 62.741, -144.7100
1320.000000, 62.770, -144.7694
1340.000000, 62.877, -144.9750
1360.000000, 62.974, -145.1318
1380.000000, 63.064, -145.2449
1400.000000, 63.150, -145.3252
1430.000000, 63.273, -145.4050
1450.000000, 63.352, -145.4435
1475.000000, 63.446, -145.4743
1500.000000, 63.535, -145.4867
1525.000000, 63.620, -145.4790
1550.000000, 63.702, -145.4485
1575.000000, 63.780, -145.3856
1600.000000, 63.854, -145.2838
1625.000000, 63.926, -145.1241
1650.000000, 64.003, -144.8860
1675.000000, 64.095, -144.5879
1700.000000, 64.208, -144.3282
1725.000000, 64.333, -144.2173
1750.000000, 64.450, -144.2693
1775.000000, 64.547, -144.4081
1800.000000, 64.623, -144.5443
1825.000000, 64.681, -144.6131
1850.000000, 64.729, -144.5727
1875.000000, 64.775, -144.3999
1900.000000, 64.828, -144.1006
1925.000000, 64.897, -143.7195
1950.000000, 64.980, -143.3086
1975.000000, 65.074, -142.8675
2000.000000, 65.184, -142.3477
2030.000000, 65.366, -141.6402
2060.000000, 65.623, -141.1669
2090.000000, 65.913, -141.3483
2120.000000, 66.160, -142.1753
2140.000000, 66.279, -142.9020
2180.000000, 66.415, -144.3240
2200.000000, 66.445, -144.9086
2240.000000, 66.464, -145.7239
2270.000000, 66.458, -145.9998
2300.000000, 66.452, -145.9621
2330.000000, 66.463, -145.5719
2360.000000, 66.526, -144.8412
2400.000000, 66.748, -143.7300
2430.000000, 67.015, -143.3303
2470.000000, 67.402, -143.8851
2500.000000, 67.637, -144.9584
2540.000000, 67.840, -146.6706
2580.000000, 67.946, -148.2090
2620.000000, 68.015, -149.3944
2650.000000, 68.070, -150.1112
2690.000000, 68.163, -151.0351
2720.000000, 68.239, -151.8274
2760.000000, 68.327, -153.0727
2800.000000, 68.375, -154.4310
2850.000000, 68.379, -156.0417
2900.000000, 68.342, -157.4048
2950.000000, 68.291, -158.5176
3000.000000, 68.236, -159.4526
3040.000000, 68.192, -160.1143
3070.000000, 68.157, -160.5683
3110.000000, 68.110, -161.1161
3150.000000, 68.062, -161.6000
3200.000000, 67.999, -162.1056
3250.000000, 67.936, -162.4665
3300.000000, 67.887, -162.6880
3350.000000, 67.858, -162.8480
3400.000000, 67.848, -163.0325
3450.000000, 67.846, -163.2742
3500.000000, 67.844, -163.5535
3550.000000, 67.842, -163.8259
3600.000000, 67.843, -164.0753
3650.000000, 67.852, -164.3232
3700.000000, 67.868, -164.5996
3750.000000, 67.889, -164.9185
3820.000000, 67.922, -165.4422
3870.000000, 67.947, -165.8659
3950.000000, 67.993, -166.6258
4000.000000, 68.025, -167.1705
4060.000000, 68.066, -167.9256
4120.000000, 68.106, -168.8179
4180.000000, 68.136, -169.8594
4250.000000, 68.155, -171.2628
4310.000000, 68.148, -172.6248
4370.000000, 68.113, -174.1292
4440.000000, 68.024, -176.0384
4500.000000, 67.890, -177.7317
4550.000000, 67.732, -179.0863
4620.000000, 67.444, 179.3136
4680.000000, 67.157, 178.3816
4750.000000, 66.820, 177.8679
4820.000000, 66.520, 177.8287
4870.000000, 66.341, 177.9388
4940.000000, 66.134, 178.0865
5000.000000, 65.980, 178.1064
5080.000000, 65.780, 177.9585
5150.000000, 65.592, 177.7326
5220.000000, 65.384, 177.5042
5300.000000, 65.123, 177.3307
5380.000000, 64.843, 177.3188
5450.000000, 64.588, 177.4719
5520.000000, 64.330, 177.7844
5600.000000, 64.037, 178.3293
5700.000000, 63.679, 179.2841
5800.000000, 63.339, -179.4645
5900.000000, 63.024, -177.9291
6000.000000, 62.743, -176.1314
6080.000000, 62.550, -174.5222
6150.000000, 62.410, -173.0251
6220.000000, 62.297, -171.4931
6300.000000, 62.198, -169.7404
6400.000000, 62.114, -167.5504
6500.000000, 62.071, -165.3505
6600.000000, 62.075, -163.1614
6700.000000, 62.128, -161.0169
6800.000000, 62.234, -158.9458
6900.000000, 62.395, -156.9908
7000.000000, 62.617, -155.2018
7100.000000, 62.904, -153.6383
7200.000000, 63.262, -152.4000
7300.000000, 63.695, -151.6307
7400.000000, 64.199, -151.5038
7500.000000, 64.763, -152.2193
7620.000000, 65.486, -154.5078
7750.000000, 66.243, -159.1626
7880.000000, 66.815, -166.2845
8000.000000, 67.007, -174.6427
8120.000000, 66.763, 176.3327
8250.000000, 66.004, 167.3431
8380.000000, 64.863, 160.4197
8500.000000, 63.637, 156.2762
8620.000000, 62.377, 154.1343
8750.000000, 61.068, 153.6307
8850.000000, 60.132, 154.2194
9000.000000, 58.862, 156.2367
9120.000000, 57.960, 158.5479
9250.000000, 57.090, 161.5271
9380.000000, 56.322, 164.8676
9500.000000, 55.694, 168.2001
9620.000000, 55.139, 171.7196
9750.000000, 54.616, 175.6971
9880.000000, 54.171, 179.8129
10000.000000, 53.828, -176.2941
10150.000000, 53.488, -171.3432
10300.000000, 53.246, -166.3211
10440.000000, 53.111, -161.5727
10600.000000, 53.066, -156.0890
10750.000000, 53.139, -150.8903
10900.000000, 53.341, -145.6035
11060.000000, 53.736, -139.8405
11200.000000, 54.289, -134.7094
11380.000000, 55.425, -128.3284
11500.000000, 56.541, -124.8963
11720.000000, 59.324, -123.7443
11800.000000, 60.444, -125.9555
12060.000000, 63.487, -143.6246
12200.000000, 64.346, -157.8526
12410.000000, 64.349, 179.1405
12500.000000, 63.901, 169.9010
12650.000000, 62.692, 156.6526
12800.000000, 61.117, 146.7775
13150.000000, 57.313, 135.6609
13200.000000, 56.829, 135.0501
13400.000000, 55.106, 134.0433
13600.000000, 53.713, 134.4755
13800.000000, 52.614, 135.6361
14000.000000, 51.780, 137.0877
14300.000000, 50.992, 139.2535
14500.000000, 50.783, 140.3040
14750.000000, 50.895, 140.5392
15000.000000, 51.441, 138.8721
15250.000000, 52.484, 134.0352
15500.000000, 53.971, 123.6628
15750.000000, 55.413, 105.1792
16000.000000, 55.857, 79.0798
16250.000000, 54.638, 51.1640
16500.000000, 52.074, 27.8684
16750.000000, 49.026, 10.7690
17000.000000, 46.112, -2.1967
17250.000000, 43.515, -13.4083
17500.000000, 41.188, -24.4895
17750.000000, 39.026, -36.4504
18000.000000, 36.927, -49.9530
18250.000000, 34.794, -65.4696
18500.000000, 32.543, -83.3647
18750.000000, 30.079, -104.0629
19000.000000, 27.295, -127.9102
19250.000000, 24.074, -155.0754
19500.000000, 20.309, 174.3641
19750.000000, 16.000, 140.4412
20000.000000, 12.163, 107.6598
