* Measurement data measured by REW V5.31.3
* Source: EXCL: Headset (USB-C to 3.5mm Headphone Jack Adapter), MICROPHONE (Master Volume), 0, volume: 0.700
* Format: 256k Log Swept Sine, 1 sweep at -12.0 dBFS with no timing reference
* Dated: Feb 17, 2025 5:56:42 AM
* REW Settings:
*  C-weighting compensation: Off
*  Target level: 75.0 dB
* Note: ; 
* Measurement: Tanchjim Bunny R
* Smoothing: 1/24 octave
* Frequency Step: 1/48 octave
* Start Frequency: 1.000 Hz
*
* Freq(Hz), SPL(dB), Phase(degrees)
1.000000, 79.060, 7.3945
1.015000, 79.309, 6.4327
1.030000, 79.554, 5.4863
1.044000, 79.779, 4.6146
1.060000, 80.032, 3.6298
1.075000, 80.265, 2.7151
1.090000, 80.494, 1.8066
1.106000, 80.733, 0.8431
1.120000, 80.939, 0.0054
1.138000, 81.197, -1.0624
1.150000, 81.367, -1.7677
1.172000, 81.671, -3.0460
1.180000, 81.779, -3.5057
1.206000, 82.126, -4.9798
1.220000, 82.308, -5.7606
1.241000, 82.576, -6.9138
1.250000, 82.689, -7.4015
1.265000, 82.875, -8.2053
1.280000, 83.058, -8.9980
1.315000, 83.476, -10.8043
1.320000, 83.535, -11.0575
1.340000, 83.767, -12.0581
1.360000, 83.995, -13.0397
1.380000, 84.220, -14.0030
1.400000, 84.442, -14.9484
1.430000, 84.770, -16.3347
1.450000, 84.986, -17.2388
1.475000, 85.252, -18.3498
1.500000, 85.512, -19.4449
1.525000, 85.765, -20.5255
1.550000, 86.012, -21.5909
1.575000, 86.252, -22.6401
1.600000, 86.487, -23.6728
1.625000, 86.716, -24.6888
1.650000, 86.939, -25.6882
1.675000, 87.159, -26.6715
1.700000, 87.373, -27.6392
1.725000, 87.584, -28.5921
1.750000, 87.791, -29.5309
1.775000, 87.995, -30.4567
1.800000, 88.196, -31.3707
1.825000, 88.395, -32.2746
1.850000, 88.590, -33.1724
1.875000, 88.781, -34.0674
1.900000, 88.967, -34.9595
1.925000, 89.149, -35.8471
1.950000, 89.327, -36.7285
1.975000, 89.501, -37.6024
2.000000, 89.672, -38.4675
2.030000, 89.872, -39.4927
2.060000, 90.067, -40.5026
2.090000, 90.259, -41.4960
2.120000, 90.446, -42.4722
2.140000, 90.569, -43.1132
2.180000, 90.812, -44.3721
2.200000, 90.931, -44.9916
2.240000, 91.163, -46.2215
2.270000, 91.332, -47.1397
2.300000, 91.497, -48.0531
2.330000, 91.658, -48.9596
2.360000, 91.814, -49.8574
2.400000, 92.018, -51.0383
2.430000, 92.166, -51.9098
2.470000, 92.360, -53.0509
2.500000, 92.502, -53.8897
2.540000, 92.688, -54.9844
2.580000, 92.870, -56.0560
2.620000, 93.046, -57.1157
2.650000, 93.174, -57.9055
2.690000, 93.340, -58.9499
2.720000, 93.461, -59.7254
2.760000, 93.619, -60.7463
2.800000, 93.772, -61.7502
2.850000, 93.959, -62.9775
2.900000, 94.140, -64.1708
2.950000, 94.316, -65.3329
3.000000, 94.486, -66.4769
3.040000, 94.618, -67.3823
3.070000, 94.714, -68.0547
3.110000, 94.839, -68.9407
3.150000, 94.961, -69.8130
3.200000, 95.110, -70.8811
3.250000, 95.255, -71.9214
3.300000, 95.397, -72.9330
3.350000, 95.535, -73.9220
3.400000, 95.668, -74.8943
3.450000, 95.798, -75.8504
3.500000, 95.923, -76.7894
3.550000, 96.046, -77.7103
3.600000, 96.166, -78.6118
3.650000, 96.284, -79.4934
3.700000, 96.400, -80.3568
3.750000, 96.513, -81.2053
3.820000, 96.666, -82.3704
3.870000, 96.773, -83.1866
3.950000, 96.939, -84.4646
4.000000, 97.041, -85.2457
4.060000, 97.161, -86.1657
4.120000, 97.279, -87.0689
4.180000, 97.394, -87.9570
4.250000, 97.525, -88.9757
4.310000, 97.635, -89.8352
4.370000, 97.742, -90.6830
4.440000, 97.866, -91.6588
4.500000, 97.969, -92.4846
4.550000, 98.054, -93.1657
4.620000, 98.170, -94.1090
4.680000, 98.268, -94.9084
4.750000, 98.379, -95.8311
4.820000, 98.487, -96.7450
4.870000, 98.563, -97.3932
4.940000, 98.667, -98.2939
5.000000, 98.753, -99.0591
5.080000, 98.866, -100.0684
5.150000, 98.961, -100.9420
5.220000, 99.053, -101.8096
5.300000, 99.155, -102.7938
5.380000, 99.253, -103.7674
5.450000, 99.336, -104.6084
5.520000, 99.416, -105.4394
5.600000, 99.504, -106.3803
5.700000, 99.609, -107.5432
5.800000, 99.709, -108.6847
5.900000, 99.803, -109.8016
6.000000, 99.892, -110.8993
6.080000, 99.959, -111.7631
6.150000, 100.016, -112.5061
6.220000, 100.070, -113.2356
6.300000, 100.130, -114.0542
6.400000, 100.201, -115.0576
6.500000, 100.268, -116.0372
6.600000, 100.332, -116.9899
6.700000, 100.393, -117.9168
6.800000, 100.450, -118.8203
6.900000, 100.506, -119.7002
7.000000, 100.560, -120.5560
7.100000, 100.611, -121.3887
7.200000, 100.661, -122.2005
7.300000, 100.710, -122.9929
7.400000, 100.758, -123.7666
7.500000, 100.804, -124.5222
7.620000, 100.859, -125.4092
7.750000, 100.918, -126.3497
7.880000, 100.975, -127.2701
8.000000, 101.027, -128.1057
8.120000, 101.077, -128.9314
8.250000, 101.131, -129.8157
8.380000, 101.183, -130.6906
8.500000, 101.228, -131.4920
8.620000, 101.272, -132.2878
8.750000, 101.316, -133.1415
8.850000, 101.348, -133.7917
9.000000, 101.392, -134.7569
9.120000, 101.424, -135.5158
9.250000, 101.456, -136.3222
9.380000, 101.484, -137.1118
9.500000, 101.507, -137.8221
9.620000, 101.528, -138.5121
9.750000, 101.548, -139.2375
9.880000, 101.567, -139.9386
10.000000, 101.583, -140.5632
10.150000, 101.603, -141.3158
10.300000, 101.622, -142.0405
10.440000, 101.640, -142.6934
10.600000, 101.662, -143.4180
10.750000, 101.683, -144.0816
10.900000, 101.705, -144.7330
11.060000, 101.728, -145.4202
11.200000, 101.749, -146.0166
11.380000, 101.775, -146.7780
11.500000, 101.791, -147.2828
11.720000, 101.819, -148.1991
11.800000, 101.828, -148.5283
12.060000, 101.854, -149.5799
12.200000, 101.867, -150.1308
12.410000, 101.883, -150.9351
12.500000, 101.890, -151.2711
12.650000, 101.900, -151.8197
12.800000, 101.911, -152.3550
13.150000, 101.934, -153.5598
13.200000, 101.937, -153.7278
13.400000, 101.950, -154.3914
13.600000, 101.963, -155.0434
13.800000, 101.975, -155.6853
14.000000, 101.985, -156.3167
14.300000, 101.998, -157.2418
14.500000, 102.004, -157.8417
14.750000, 102.009, -158.5702
15.000000, 102.011, -159.2730
15.250000, 102.011, -159.9479
15.500000, 102.007, -160.5921
15.750000, 102.001, -161.2018
16.000000, 101.994, -161.7733
16.250000, 101.985, -162.3047
16.500000, 101.977, -162.7975
16.750000, 101.971, -163.2568
17.000000, 101.967, -163.6913
17.250000, 101.965, -164.1098
17.500000, 101.966, -164.5197
17.750000, 101.969, -164.9253
18.000000, 101.973, -165.3287
18.250000, 101.979, -165.7325
18.500000, 101.987, -166.1424
18.750000, 101.997, -166.5690
19.000000, 102.009, -167.0252
19.250000, 102.021, -167.5230
19.500000, 102.028, -168.0653
19.750000, 102.028, -168.6429
20.000000, 102.018, -169.2328
20.299999, 101.990, -169.9095
20.600000, 101.949, -170.4985
20.900000, 101.907, -170.9655
21.200001, 101.873, -171.3193
21.400000, 101.861, -171.5187
21.799999, 101.863, -171.9326
22.000000, 101.874, -172.1898
22.400000, 101.899, -172.8529
22.700001, 101.907, -173.4536
23.000000, 101.899, -174.0758
23.299999, 101.876, -174.6495
23.600000, 101.845, -175.1266
24.000000, 101.810, -175.6052
24.299999, 101.797, -175.8914
24.700001, 101.798, -176.2710
25.000000, 101.805, -176.5972
25.400000, 101.813, -177.0909
25.799999, 101.810, -177.6028
26.200001, 101.797, -178.0746
26.500000, 101.786, -178.3861
26.900000, 101.771, -178.7506
27.200001, 101.762, -178.9974
27.600000, 101.754, -179.3063
28.000000, 101.749, -179.6066
28.500000, 101.750, 179.9973
29.000000, 101.754, 179.5317
29.500000, 101.752, 178.9831
30.000000, 101.737, 178.4021
30.400000, 101.716, 177.9614
30.700001, 101.700, 177.6556
31.100000, 101.681, 177.2699
31.500000, 101.667, 176.8842
32.000000, 101.652, 176.3759
32.500000, 101.636, 175.8525
33.000000, 101.619, 175.3489
33.500000, 101.606, 174.8690
34.000000, 101.599, 174.3824
34.500000, 101.591, 173.8760
35.000000, 101.578, 173.3850
35.500000, 101.563, 172.9534
36.000000, 101.556, 172.5720
36.500000, 101.558, 172.1772
37.000000, 101.561, 171.7239
37.500000, 101.554, 171.2390
38.200001, 101.528, 170.6307
38.700001, 101.511, 170.2711
39.500000, 101.498, 169.7188
40.000000, 101.493, 169.3517
40.599998, 101.491, 168.8834
41.200001, 101.490, 168.3457
41.799999, 101.477, 167.7293
42.500000, 101.437, 167.0566
43.099998, 101.398, 166.6266
43.700001, 101.374, 166.2549
44.400002, 101.354, 165.7543
45.000000, 101.327, 165.3177
45.500000, 101.304, 165.0052
46.200001, 101.286, 164.5826
46.799999, 101.274, 164.1464
47.500000, 101.247, 163.6129
48.200001, 101.218, 163.1640
48.700001, 101.206, 162.8640
49.400002, 101.198, 162.3829
50.000000, 101.187, 161.9082
50.799999, 101.161, 161.2725
51.500000, 101.132, 160.7758
52.200001, 101.106, 160.3458
53.000000, 101.085, 159.8805
53.799999, 101.072, 159.3780
54.500000, 101.059, 158.8963
55.200001, 101.043, 158.3833
56.000000, 101.018, 157.7784
57.000000, 100.979, 157.0186
58.000000, 100.929, 156.2932
59.000000, 100.880, 155.6813
60.000000, 100.846, 155.1115
60.799999, 100.822, 154.6455
61.500000, 100.804, 154.2294
62.200001, 100.784, 153.7923
63.000000, 100.754, 153.2912
64.000000, 100.711, 152.7243
65.000000, 100.674, 152.1856
66.000000, 100.639, 151.6177
67.000000, 100.601, 151.0168
68.000000, 100.558, 150.4313
69.000000, 100.518, 149.8886
70.000000, 100.483, 149.3385
71.000000, 100.446, 148.7648
72.000000, 100.405, 148.2106
73.000000, 100.366, 147.6752
74.000000, 100.327, 147.1145
75.000000, 100.281, 146.5485
76.199997, 100.223, 145.9459
77.500000, 100.173, 145.2985
78.800003, 100.119, 144.5876
80.000000, 100.062, 143.9540
81.199997, 100.005, 143.3618
82.500000, 99.947, 142.7289
83.800003, 99.891, 142.0921
85.000000, 99.838, 141.5021
86.199997, 99.786, 140.9355
87.500000, 99.729, 140.3207
88.500000, 99.681, 139.8468
90.000000, 99.604, 139.1847
91.199997, 99.544, 138.6799
92.500000, 99.483, 138.1328
93.800003, 99.423, 137.5604
95.000000, 99.367, 137.0290
96.199997, 99.311, 136.5143
97.500000, 99.248, 135.9764
98.800003, 99.185, 135.4724
100.000000, 99.128, 135.0181
101.500000, 99.055, 134.4499
103.000000, 98.982, 133.8751
104.400002, 98.913, 133.3334
106.000000, 98.833, 132.7325
107.500000, 98.757, 132.1871
109.000000, 98.678, 131.6847
110.599998, 98.598, 131.1802
112.000000, 98.528, 130.7001
113.800003, 98.433, 130.0734
115.000000, 98.370, 129.6763
117.199997, 98.257, 128.9996
118.000000, 98.218, 128.7822
120.599998, 98.073, 127.9771
122.000000, 97.962, 127.6650
124.099998, 97.788, 127.5428
125.000000, 97.722, 127.6186
126.500000, 97.642, 127.9087
128.000000, 97.622, 128.2500
131.500000, 97.711, 127.8867
132.000000, 97.719, 127.6991
134.000000, 97.713, 126.8348
136.000000, 97.665, 125.9933
138.000000, 97.597, 125.2702
140.000000, 97.524, 124.6559
143.000000, 97.403, 123.8596
145.000000, 97.316, 123.3787
147.500000, 97.221, 122.8180
150.000000, 97.142, 122.2166
152.500000, 97.061, 121.7055
155.000000, 96.976, 121.2447
157.500000, 96.890, 120.7812
160.000000, 96.811, 120.3401
162.500000, 96.736, 119.9491
165.000000, 96.662, 119.5819
167.500000, 96.590, 119.1888
170.000000, 96.525, 118.7755
172.500000, 96.458, 118.3922
175.000000, 96.391, 118.0468
177.500000, 96.326, 117.6810
180.000000, 96.267, 117.3334
182.500000, 96.214, 117.0215
185.000000, 96.163, 116.7057
187.500000, 96.111, 116.3747
190.000000, 96.062, 116.0319
192.500000, 96.015, 115.7090
195.000000, 95.972, 115.4055
197.500000, 95.930, 115.0963
200.000000, 95.888, 114.7833
203.000000, 95.842, 114.4243
206.000000, 95.801, 114.0603
209.000000, 95.760, 113.6868
212.000000, 95.721, 113.3120
214.000000, 95.697, 113.0594
218.000000, 95.652, 112.5726
220.000000, 95.632, 112.3343
224.000000, 95.592, 111.8232
227.000000, 95.564, 111.4321
230.000000, 95.538, 111.0490
233.000000, 95.515, 110.6644
236.000000, 95.493, 110.2791
240.000000, 95.466, 109.7593
243.000000, 95.447, 109.3583
247.000000, 95.424, 108.8291
250.000000, 95.409, 108.4304
254.000000, 95.390, 107.8900
258.000000, 95.373, 107.3333
262.000000, 95.358, 106.7832
265.000000, 95.350, 106.3607
269.000000, 95.338, 105.7854
272.000000, 95.329, 105.3566
276.000000, 95.319, 104.7786
280.000000, 95.312, 104.1891
285.000000, 95.303, 103.4546
290.000000, 95.296, 102.7034
295.000000, 95.290, 101.9416
300.000000, 95.285, 101.1823
304.000000, 95.282, 100.5671
307.000000, 95.280, 100.1006
311.000000, 95.277, 99.4757
315.000000, 95.275, 98.8478
320.000000, 95.272, 98.0556
325.000000, 95.271, 97.2457
330.000000, 95.270, 96.4284
335.000000, 95.269, 95.6192
340.000000, 95.268, 94.8098
345.000000, 95.268, 93.9985
350.000000, 95.269, 93.1786
355.000000, 95.270, 92.3531
360.000000, 95.270, 91.5251
365.000000, 95.270, 90.6937
370.000000, 95.270, 89.8627
375.000000, 95.269, 89.0389
382.000000, 95.269, 87.8774
387.000000, 95.268, 87.0404
395.000000, 95.266, 85.7019
400.000000, 95.265, 84.8739
406.000000, 95.265, 83.8793
412.000000, 95.263, 82.8829
418.000000, 95.261, 81.8913
425.000000, 95.259, 80.7360
431.000000, 95.256, 79.7465
437.000000, 95.253, 78.7681
444.000000, 95.248, 77.6321
450.000000, 95.244, 76.6557
455.000000, 95.240, 75.8463
462.000000, 95.234, 74.7198
468.000000, 95.230, 73.7638
475.000000, 95.223, 72.6534
482.000000, 95.217, 71.5491
487.000000, 95.212, 70.7654
494.000000, 95.205, 69.6811
500.000000, 95.199, 68.7579
508.000000, 95.191, 67.5253
515.000000, 95.183, 66.4496
522.000000, 95.174, 65.3870
530.000000, 95.164, 64.1853
538.000000, 95.153, 62.9972
545.000000, 95.143, 61.9707
552.000000, 95.133, 60.9550
560.000000, 95.120, 59.7997
570.000000, 95.104, 58.3771
580.000000, 95.088, 56.9805
590.000000, 95.072, 55.5999
600.000000, 95.055, 54.2455
608.000000, 95.041, 53.1826
615.000000, 95.028, 52.2664
622.000000, 95.016, 51.3586
630.000000, 95.003, 50.3360
640.000000, 94.986, 49.0789
650.000000, 94.969, 47.8466
660.000000, 94.952, 46.6381
670.000000, 94.935, 45.4552
680.000000, 94.919, 44.2993
690.000000, 94.904, 43.1671
700.000000, 94.891, 42.0597
710.000000, 94.877, 40.9710
720.000000, 94.865, 39.9049
730.000000, 94.853, 38.8673
740.000000, 94.842, 37.8565
750.000000, 94.833, 36.8682
762.000000, 94.824, 35.7099
775.000000, 94.817, 34.4909
788.000000, 94.812, 33.3138
800.000000, 94.812, 32.2556
812.000000, 94.813, 31.2249
825.000000, 94.818, 30.1477
838.000000, 94.826, 29.1023
850.000000, 94.838, 28.1612
862.000000, 94.853, 27.2457
875.000000, 94.873, 26.2756
885.000000, 94.892, 25.5490
900.000000, 94.926, 24.4868
912.000000, 94.957, 23.6520
925.000000, 94.996, 22.7607
938.000000, 95.039, 21.8802
950.000000, 95.083, 21.0786
962.000000, 95.131, 20.2825
975.000000, 95.188, 19.4238
988.000000, 95.247, 18.5672
1000.000000, 95.306, 17.7745
1015.000000, 95.384, 16.7798
1030.000000, 95.466, 15.7736
1044.000000, 95.544, 14.8130
1060.000000, 95.636, 13.6862
1075.000000, 95.724, 12.5990
1090.000000, 95.814, 11.4846
1106.000000, 95.912, 10.2745
1120.000000, 95.997, 9.1982
1138.000000, 96.106, 7.7927
1150.000000, 96.177, 6.8435
1172.000000, 96.307, 5.0826
1180.000000, 96.353, 4.4347
1206.000000, 96.502, 2.3132
1220.000000, 96.579, 1.1663
1241.000000, 96.692, -0.5574
1250.000000, 96.739, -1.2951
1265.000000, 96.816, -2.5203
1280.000000, 96.891, -3.7386
1315.000000, 97.062, -6.5573
1320.000000, 97.086, -6.9569
1340.000000, 97.180, -8.5421
1360.000000, 97.273, -10.1078
1380.000000, 97.365, -11.6554
1400.000000, 97.457, -13.1870
1430.000000, 97.594, -15.4548
1450.000000, 97.686, -16.9468
1475.000000, 97.802, -18.7922
1500.000000, 97.919, -20.6213
1525.000000, 98.036, -22.4362
1550.000000, 98.155, -24.2390
1575.000000, 98.275, -26.0288
1600.000000, 98.396, -27.8104
1625.000000, 98.516, -29.5892
1650.000000, 98.638, -31.3666
1675.000000, 98.759, -33.1362
1700.000000, 98.879, -34.8939
1725.000000, 98.998, -36.6400
1750.000000, 99.117, -38.3682
1775.000000, 99.236, -40.0708
1800.000000, 99.359, -41.7474
1825.000000, 99.489, -43.4166
1850.000000, 99.626, -45.1175
1875.000000, 99.764, -46.8771
1900.000000, 99.896, -48.6797
1925.000000, 100.022, -50.4951
1950.000000, 100.142, -52.3028
1975.000000, 100.259, -54.0970
2000.000000, 100.374, -55.8787
2030.000000, 100.511, -58.0002
2060.000000, 100.648, -60.1133
2090.000000, 100.783, -62.2407
2120.000000, 100.916, -64.3996
2140.000000, 101.003, -65.8572
2180.000000, 101.174, -68.7977
2200.000000, 101.259, -70.2721
2240.000000, 101.424, -73.2281
2270.000000, 101.543, -75.4509
2300.000000, 101.658, -77.6771
2330.000000, 101.769, -79.9032
2360.000000, 101.878, -82.1266
2400.000000, 102.018, -85.0997
2430.000000, 102.118, -87.3474
2470.000000, 102.243, -90.3731
2500.000000, 102.328, -92.6535
2540.000000, 102.428, -95.6909
2580.000000, 102.513, -98.7108
2620.000000, 102.586, -101.7023
2650.000000, 102.632, -103.9253
2690.000000, 102.682, -106.8572
2720.000000, 102.711, -109.0288
2760.000000, 102.739, -111.8818
2800.000000, 102.756, -114.6755
2850.000000, 102.762, -118.0781
2900.000000, 102.752, -121.3771
2950.000000, 102.729, -124.5763
3000.000000, 102.694, -127.6859
3040.000000, 102.656, -130.1069
3070.000000, 102.621, -131.8771
3110.000000, 102.566, -134.1666
3150.000000, 102.504, -136.3733
3200.000000, 102.417, -139.0142
3250.000000, 102.321, -141.5181
3300.000000, 102.218, -143.8774
3350.000000, 102.111, -146.0830
3400.000000, 102.002, -148.1336
3450.000000, 101.899, -150.0445
3500.000000, 101.804, -151.8533
3550.000000, 101.714, -153.6105
3600.000000, 101.624, -155.3320
3650.000000, 101.528, -156.9887
3700.000000, 101.429, -158.5463
3750.000000, 101.332, -160.0037
3820.000000, 101.203, -161.9380
3870.000000, 101.111, -163.2719
3950.000000, 100.956, -165.2944
4000.000000, 100.854, -166.4658
4060.000000, 100.727, -167.7627
4120.000000, 100.600, -168.9387
4180.000000, 100.475, -169.9941
4250.000000, 100.334, -171.0856
4310.000000, 100.220, -171.9251
4370.000000, 100.110, -172.7058
4440.000000, 99.982, -173.5590
4500.000000, 99.870, -174.2347
4550.000000, 99.776, -174.7510
4620.000000, 99.640, -175.3928
4680.000000, 99.521, -175.8625
4750.000000, 99.380, -176.3138
4820.000000, 99.236, -176.6579
4870.000000, 99.131, -176.8382
4940.000000, 98.984, -177.0030
5000.000000, 98.857, -177.0632
5080.000000, 98.687, -177.0262
5150.000000, 98.536, -176.8851
5220.000000, 98.382, -176.6387
5300.000000, 98.204, -176.2086
5380.000000, 98.025, -175.6066
5450.000000, 97.872, -174.9644
5520.000000, 97.720, -174.2812
5600.000000, 97.550, -173.4680
5700.000000, 97.345, -172.3056
5800.000000, 97.151, -170.9107
5900.000000, 96.970, -169.2823
6000.000000, 96.806, -167.4382
6080.000000, 96.688, -165.8132
6150.000000, 96.597, -164.2817
6220.000000, 96.516, -162.6538
6300.000000, 96.439, -160.6799
6400.000000, 96.368, -158.0406
6500.000000, 96.331, -155.2237
6600.000000, 96.333, -152.2645
6700.000000, 96.380, -149.2036
6800.000000, 96.475, -146.0890
6900.000000, 96.623, -142.9827
7000.000000, 96.826, -139.9479
7100.000000, 97.085, -137.0533
7200.000000, 97.404, -134.3876
7300.000000, 97.782, -132.0634
7400.000000, 98.218, -130.2278
7500.000000, 98.699, -129.0581
7620.000000, 99.303, -128.8101
7750.000000, 99.918, -130.2963
7880.000000, 100.361, -133.7175
8000.000000, 100.485, -138.2256
8120.000000, 100.247, -143.2160
8250.000000, 99.573, -147.9813
8380.000000, 98.553, -151.0488
8500.000000, 97.422, -151.9258
8620.000000, 96.214, -150.9174
8750.000000, 94.899, -147.9277
8850.000000, 93.916, -144.4675
9000.000000, 92.518, -137.6516
9120.000000, 91.483, -130.9174
9250.000000, 90.470, -122.3982
9380.000000, 89.611, -112.6490
9500.000000, 89.009, -102.7388
9620.000000, 88.638, -92.4491
9750.000000, 88.495, -81.7405
9880.000000, 88.536, -72.2823
10000.000000, 88.622, -64.8271
10150.000000, 88.666, -56.7053
10300.000000, 88.593, -49.0923
10440.000000, 88.436, -41.8854
10600.000000, 88.199, -33.2294
10750.000000, 87.959, -24.6638
10900.000000, 87.724, -15.6915
11060.000000, 87.499, -5.7255
11200.000000, 87.331, 3.2755
11380.000000, 87.164, 15.1558
11500.000000, 87.086, 23.2335
11720.000000, 87.023, 38.1853
11800.000000, 87.026, 43.5826
12060.000000, 87.132, 60.8671
12200.000000, 87.255, 70.0609
12410.000000, 87.528, 83.7119
12500.000000, 87.679, 89.4988
12650.000000, 87.978, 99.0325
12800.000000, 88.341, 108.3806
13150.000000, 89.448, 129.1671
13200.000000, 89.637, 131.9907
13400.000000, 90.472, 142.8380
13600.000000, 91.442, 152.8417
13800.000000, 92.560, 161.7524
14000.000000, 93.838, 169.2065
14300.000000, 96.037, 176.3292
14500.000000, 97.587, 177.0655
14750.000000, 99.259, 172.1415
15000.000000, 100.070, 161.6455
15250.000000, 99.642, 149.7771
15500.000000, 98.162, 141.4054
15750.000000, 96.211, 138.7094
16000.000000, 94.336, 140.6208
16250.000000, 92.772, 144.7146
16500.000000, 91.491, 149.1487
16750.000000, 90.380, 153.0667
17000.000000, 89.344, 156.1997
17250.000000, 88.322, 158.4287
17500.000000, 87.260, 159.5130
17750.000000, 86.022, 159.3820
18000.000000, 84.420, 159.7283
18250.000000, 82.702, 163.4251
18500.000000, 81.418, 167.7583
18750.000000, 80.406, 169.7620
19000.000000, 79.449, 169.9304
19250.000000, 78.518, 168.0695
19500.000000, 77.516, 163.8382
19750.000000, 76.398, 157.8579
20000.000000, 75.560, 152.4255
