* Measurement data measured by REW V5.31.3
* Source: Analog 1/2 (E2x2), LINE_IN (Master Volume), L, volume: 1.000. Timing signal peak level -30.8 dBFS, measurement signal peak level -30.0 dBFS
* Format: 2M Log Swept Sine, 1 sweep at -16.4 dBFS using an acoustic timing reference
* Dated: Feb 18, 2025 3:42:43 PM
* REW Settings:
*  C-weighting compensation: Off
*  Target level: 85.0 dB
* Note: ; E2x2 Delay -0.0528 ms (-18 mm, -0.71 in) using estimated IR delay relative to Acoustic reference played from LINE_OUT L with no timing offset
* Measurement: L5
* Smoothing: 1/24 octave
* Frequency Step: 1/48 octave
* Start Frequency: 1.000 Hz
*
* Freq(Hz), SPL(dB), Phase(degrees)
1.000000, 52.884, 55.8479
1.015000, 52.765, 55.9854
1.030000, 52.658, 56.0984
1.044000, 52.569, 56.1793
1.060000, 52.484, 56.2398
1.075000, 52.421, 56.2632
1.090000, 52.377, 56.2533
1.106000, 52.348, 56.2141
1.120000, 52.335, 56.1730
1.138000, 52.331, 56.1256
1.150000, 52.335, 56.0994
1.172000, 52.355, 55.9516
1.180000, 52.367, 55.7864
1.206000, 52.418, 55.2747
1.220000, 52.455, 55.0088
1.241000, 52.519, 54.6216
1.250000, 52.550, 54.4595
1.265000, 52.606, 54.1939
1.280000, 52.667, 53.9332
1.315000, 52.826, 53.3388
1.320000, 52.851, 53.2549
1.340000, 52.952, 52.9204
1.360000, 53.058, 52.5911
1.380000, 53.169, 52.0937
1.400000, 53.282, 51.5283
1.430000, 53.456, 50.6676
1.450000, 53.573, 50.0832
1.475000, 53.722, 49.3531
1.500000, 53.879, 48.6623
1.525000, 54.048, 48.0307
1.550000, 54.228, 47.4585
1.575000, 54.417, 46.8497
1.600000, 54.614, 46.1253
1.625000, 54.818, 45.4462
1.650000, 55.028, 44.8055
1.675000, 55.243, 44.1968
1.700000, 55.461, 43.6135
1.725000, 55.682, 43.0496
1.750000, 55.903, 42.4997
1.775000, 56.125, 41.8960
1.800000, 56.346, 41.1744
1.825000, 56.565, 40.4592
1.850000, 56.784, 39.7602
1.875000, 57.007, 39.0988
1.900000, 57.233, 38.4820
1.925000, 57.462, 37.9089
1.950000, 57.693, 37.3785
1.975000, 57.927, 36.8269
2.000000, 58.162, 36.1925
2.030000, 58.445, 35.4770
2.060000, 58.729, 34.7979
2.090000, 59.011, 34.1485
2.120000, 59.292, 33.5223
2.140000, 59.477, 33.1146
2.180000, 59.844, 32.2547
2.200000, 60.025, 31.7758
2.240000, 60.384, 30.8576
2.270000, 60.652, 30.2143
2.300000, 60.919, 29.6101
2.330000, 61.185, 29.0425
2.360000, 61.450, 28.5073
2.400000, 61.800, 27.6990
2.430000, 62.061, 27.1026
2.470000, 62.405, 26.3397
2.500000, 62.660, 25.7870
2.540000, 62.995, 25.0702
2.580000, 63.326, 24.3301
2.620000, 63.652, 23.5309
2.650000, 63.894, 22.9608
2.690000, 64.214, 22.2364
2.720000, 64.450, 21.7187
2.760000, 64.762, 21.0634
2.800000, 65.070, 20.3373
2.850000, 65.448, 19.4516
2.900000, 65.820, 18.6002
2.950000, 66.184, 17.7783
3.000000, 66.540, 16.9100
3.040000, 66.820, 16.2142
3.070000, 67.028, 15.7095
3.110000, 67.300, 15.0590
3.150000, 67.568, 14.4325
3.200000, 67.898, 13.6154
3.250000, 68.222, 12.7979
3.300000, 68.540, 12.0072
3.350000, 68.852, 11.2440
3.400000, 69.158, 10.4411
3.450000, 69.458, 9.6389
3.500000, 69.752, 8.8660
3.550000, 70.040, 8.1233
3.600000, 70.324, 7.3562
3.650000, 70.602, 6.5922
3.700000, 70.876, 5.8497
3.750000, 71.144, 5.1263
3.820000, 71.510, 4.0775
3.870000, 71.765, 3.3392
3.950000, 72.165, 2.2057
4.000000, 72.409, 1.4878
4.060000, 72.697, 0.6317
4.120000, 72.979, -0.2013
4.180000, 73.253, -1.0239
4.250000, 73.567, -2.0097
4.310000, 73.829, -2.8239
4.370000, 74.086, -3.6167
4.440000, 74.380, -4.5615
4.500000, 74.626, -5.3525
4.550000, 74.827, -5.9964
4.620000, 75.102, -6.9153
4.680000, 75.333, -7.6880
4.750000, 75.596, -8.5591
4.820000, 75.854, -9.4400
4.870000, 76.035, -10.0626
4.940000, 76.282, -10.9129
5.000000, 76.489, -11.6427
5.080000, 76.760, -12.6027
5.150000, 76.992, -13.4133
5.220000, 77.218, -14.2304
5.300000, 77.470, -15.1494
5.380000, 77.717, -16.0437
5.450000, 77.928, -16.8284
5.520000, 78.135, -17.5874
5.600000, 78.366, -18.4447
5.700000, 78.648, -19.5069
5.800000, 78.922, -20.5387
5.900000, 79.190, -21.5545
6.000000, 79.451, -22.5449
6.080000, 79.655, -23.3336
6.150000, 79.831, -24.0036
6.220000, 80.004, -24.6754
6.300000, 80.199, -25.4285
6.400000, 80.437, -26.3533
6.500000, 80.671, -27.2712
6.600000, 80.900, -28.1709
6.700000, 81.124, -29.0656
6.800000, 81.343, -29.9454
6.900000, 81.559, -30.8217
7.000000, 81.770, -31.6846
7.100000, 81.976, -32.5450
7.200000, 82.179, -33.3944
7.300000, 82.377, -34.2414
7.400000, 82.571, -35.0786
7.500000, 82.761, -35.9155
7.620000, 82.984, -36.9077
7.750000, 83.218, -37.9691
7.880000, 83.445, -39.0277
8.000000, 83.649, -39.9882
8.120000, 83.847, -40.9385
8.250000, 84.055, -41.9565
8.380000, 84.257, -42.9563
8.500000, 84.438, -43.8662
8.620000, 84.614, -44.7617
8.750000, 84.800, -45.7152
8.850000, 84.940, -46.4380
9.000000, 85.144, -47.4993
9.120000, 85.303, -48.3331
9.250000, 85.471, -49.2195
9.380000, 85.635, -50.0865
9.500000, 85.784, -50.8757
9.620000, 85.931, -51.6491
9.750000, 86.085, -52.4733
9.880000, 86.228, -53.2847
10.000000, 86.348, -54.0169
10.150000, 86.484, -54.9422
10.300000, 86.610, -55.8408
10.440000, 86.720, -56.6563
10.600000, 86.841, -57.5607
10.750000, 86.955, -58.3819
10.900000, 87.067, -59.1780
11.060000, 87.185, -60.0180
11.200000, 87.286, -60.7578
11.380000, 87.414, -61.6797
11.500000, 87.499, -62.2771
11.720000, 87.653, -63.3420
11.800000, 87.710, -63.7210
12.060000, 87.898, -64.9443
12.200000, 88.000, -65.6196
12.410000, 88.154, -66.6257
12.500000, 88.219, -67.0559
12.650000, 88.325, -67.7724
12.800000, 88.428, -68.4873
13.150000, 88.654, -70.1712
13.200000, 88.685, -70.4137
13.400000, 88.805, -71.3712
13.600000, 88.920, -72.2988
13.800000, 89.029, -73.1885
14.000000, 89.133, -74.0365
14.300000, 89.282, -75.2643
14.500000, 89.379, -76.0350
14.750000, 89.501, -76.9595
15.000000, 89.622, -77.8595
15.250000, 89.745, -78.7776
15.500000, 89.862, -79.6868
15.750000, 89.968, -80.5703
16.000000, 90.061, -81.3987
16.250000, 90.141, -82.1550
16.500000, 90.214, -82.7818
16.750000, 90.287, -83.2552
17.000000, 90.371, -83.5809
17.250000, 90.475, -83.8059
17.500000, 90.603, -83.9685
17.750000, 90.757, -84.1363
18.000000, 90.934, -84.3745
18.250000, 91.127, -84.7450
18.500000, 91.326, -85.2599
18.750000, 91.526, -85.9177
19.000000, 91.718, -86.7022
19.250000, 91.899, -87.5991
19.500000, 92.066, -88.5633
19.750000, 92.218, -89.5671
20.000000, 92.355, -90.5876
20.299999, 92.503, -91.8263
20.600000, 92.633, -93.0448
20.900000, 92.748, -94.2284
21.200001, 92.850, -95.3746
21.400000, 92.911, -96.1113
21.799999, 93.020, -97.5059
22.000000, 93.071, -98.1649
22.400000, 93.166, -99.4289
22.700001, 93.235, -100.3312
23.000000, 93.300, -101.2074
23.299999, 93.361, -102.0719
23.600000, 93.416, -102.9185
24.000000, 93.480, -104.0085
24.299999, 93.520, -104.7916
24.700001, 93.564, -105.7606
25.000000, 93.591, -106.4220
25.400000, 93.623, -107.2242
25.799999, 93.652, -107.9310
26.200001, 93.681, -108.5595
26.500000, 93.702, -108.9862
26.900000, 93.731, -109.4943
27.200001, 93.752, -109.8325
27.600000, 93.780, -110.2168
28.000000, 93.809, -110.5094
28.500000, 93.851, -110.7364
29.000000, 93.909, -110.8044
29.500000, 93.993, -110.7645
30.000000, 94.105, -110.6815
30.400000, 94.212, -110.6269
30.700001, 94.303, -110.6004
31.100000, 94.436, -110.5955
31.500000, 94.586, -110.6498
32.000000, 94.793, -110.8504
32.500000, 95.012, -111.2623
33.000000, 95.224, -111.8814
33.500000, 95.419, -112.6432
34.000000, 95.599, -113.4654
34.500000, 95.770, -114.3186
35.000000, 95.932, -115.2052
35.500000, 96.085, -116.1309
36.000000, 96.226, -117.0777
36.500000, 96.359, -118.0416
37.000000, 96.485, -119.0371
37.500000, 96.599, -120.0865
38.200001, 96.727, -121.6088
38.700001, 96.791, -122.6638
39.500000, 96.857, -124.1618
40.000000, 96.884, -124.9412
40.599998, 96.914, -125.7065
41.200001, 96.949, -126.2908
41.799999, 97.001, -126.7388
42.500000, 97.088, -127.1800
43.099998, 97.184, -127.5560
43.700001, 97.296, -127.9720
44.400002, 97.438, -128.5356
45.000000, 97.564, -129.0991
45.500000, 97.668, -129.6238
46.200001, 97.808, -130.4115
46.799999, 97.924, -131.1064
47.500000, 98.056, -131.9310
48.200001, 98.186, -132.7804
48.700001, 98.275, -133.3933
49.400002, 98.397, -134.2316
50.000000, 98.506, -134.9316
50.799999, 98.659, -135.8985
51.500000, 98.797, -136.8193
52.200001, 98.931, -137.8173
53.000000, 99.077, -139.0417
53.799999, 99.207, -140.3272
54.500000, 99.310, -141.4691
55.200001, 99.403, -142.6126
56.000000, 99.501, -143.9200
57.000000, 99.609, -145.5434
58.000000, 99.705, -147.1385
59.000000, 99.789, -148.7013
60.000000, 99.863, -150.2337
60.799999, 99.914, -151.4288
61.500000, 99.954, -152.4383
62.200001, 99.991, -153.4138
63.000000, 100.033, -154.4970
64.000000, 100.085, -155.8227
65.000000, 100.135, -157.1282
66.000000, 100.184, -158.4247
67.000000, 100.230, -159.7341
68.000000, 100.271, -161.0518
69.000000, 100.304, -162.3522
70.000000, 100.333, -163.6272
71.000000, 100.357, -164.8624
72.000000, 100.382, -166.0641
73.000000, 100.407, -167.2642
74.000000, 100.428, -168.4626
75.000000, 100.446, -169.6463
76.199997, 100.465, -171.0567
77.500000, 100.484, -172.5894
78.800003, 100.501, -174.1350
80.000000, 100.515, -175.5991
81.199997, 100.522, -177.1101
82.500000, 100.519, -178.7860
83.800003, 100.503, 179.5041
85.000000, 100.471, 177.9159
86.199997, 100.423, 176.3462
87.500000, 100.350, 174.6694
88.500000, 100.273, 173.4056
90.000000, 100.111, 171.6942
91.199997, 99.952, 170.6511
92.500000, 99.778, 169.9660
93.800003, 99.641, 169.7428
95.000000, 99.580, 169.7745
96.199997, 99.587, 169.7638
97.500000, 99.651, 169.4691
98.800003, 99.739, 168.8124
100.000000, 99.822, 167.9309
101.500000, 99.914, 166.5161
103.000000, 99.976, 164.8447
104.400002, 100.001, 163.1998
106.000000, 100.002, 161.3050
107.500000, 99.981, 159.5170
109.000000, 99.937, 157.7254
110.599998, 99.870, 155.8312
112.000000, 99.797, 154.1902
113.800003, 99.685, 152.1140
115.000000, 99.601, 150.7632
117.199997, 99.428, 148.3351
118.000000, 99.359, 147.4786
120.599998, 99.127, 144.8320
122.000000, 99.003, 143.4377
124.099998, 98.805, 141.3836
125.000000, 98.715, 140.5293
126.500000, 98.556, 139.1533
128.000000, 98.388, 137.8339
131.500000, 97.973, 134.8610
132.000000, 97.910, 134.4544
134.000000, 97.654, 132.8955
136.000000, 97.390, 131.4511
138.000000, 97.121, 130.1063
140.000000, 96.844, 128.8452
143.000000, 96.418, 127.1354
145.000000, 96.130, 126.1119
147.500000, 95.764, 124.9404
150.000000, 95.390, 123.8819
152.500000, 95.012, 122.9884
155.000000, 94.635, 122.2628
157.500000, 94.259, 121.6625
160.000000, 93.885, 121.2034
162.500000, 93.512, 120.8739
165.000000, 93.139, 120.6843
167.500000, 92.771, 120.5786
170.000000, 92.405, 120.5619
172.500000, 92.045, 120.6812
175.000000, 91.693, 120.8912
177.500000, 91.344, 121.1550
180.000000, 91.004, 121.4897
182.500000, 90.677, 121.9179
185.000000, 90.359, 122.4506
187.500000, 90.042, 123.0869
190.000000, 89.730, 123.7879
192.500000, 89.430, 124.5174
195.000000, 89.139, 125.3051
197.500000, 88.861, 126.2141
200.000000, 88.602, 127.1343
203.000000, 88.299, 128.2425
206.000000, 87.994, 129.4130
209.000000, 87.697, 130.5764
212.000000, 87.414, 131.7031
214.000000, 87.233, 132.5183
218.000000, 86.883, 134.2722
220.000000, 86.714, 135.1149
224.000000, 86.379, 136.7650
227.000000, 86.132, 138.1532
230.000000, 85.892, 139.6460
233.000000, 85.662, 141.1658
236.000000, 85.444, 142.6996
240.000000, 85.155, 144.7075
243.000000, 84.933, 146.2768
247.000000, 84.631, 148.4835
250.000000, 84.396, 150.3484
254.000000, 84.105, 153.3383
258.000000, 83.914, 156.5865
262.000000, 83.809, 159.5683
265.000000, 83.730, 161.5355
269.000000, 83.602, 164.0436
272.000000, 83.507, 166.0225
276.000000, 83.401, 168.9295
280.000000, 83.332, 172.0929
285.000000, 83.327, 176.1865
290.000000, 83.424, -179.9545
295.000000, 83.577, -176.6444
300.000000, 83.724, -173.8443
304.000000, 83.834, -171.7710
307.000000, 83.917, -170.1878
311.000000, 84.037, -168.1355
315.000000, 84.158, -166.2755
320.000000, 84.306, -164.0501
325.000000, 84.453, -161.6896
330.000000, 84.607, -159.3423
335.000000, 84.794, -157.0582
340.000000, 85.010, -154.8111
345.000000, 85.237, -152.7415
350.000000, 85.467, -150.9342
355.000000, 85.719, -149.3361
360.000000, 85.972, -147.8773
365.000000, 86.219, -146.5507
370.000000, 86.458, -145.2888
375.000000, 86.693, -144.0647
382.000000, 87.010, -142.4167
387.000000, 87.245, -141.3428
395.000000, 87.637, -139.7807
400.000000, 87.881, -138.9397
406.000000, 88.172, -138.0625
412.000000, 88.459, -137.3484
418.000000, 88.729, -136.8458
425.000000, 89.001, -136.4062
431.000000, 89.196, -135.9236
437.000000, 89.375, -135.1782
444.000000, 89.602, -133.9461
450.000000, 89.849, -132.7149
455.000000, 90.107, -131.7367
462.000000, 90.530, -130.7334
468.000000, 90.913, -130.3519
475.000000, 91.345, -130.4191
482.000000, 91.748, -130.8906
487.000000, 92.016, -131.3825
494.000000, 92.359, -132.2063
500.000000, 92.624, -133.0025
508.000000, 92.937, -134.1814
515.000000, 93.175, -135.2504
522.000000, 93.386, -136.3126
530.000000, 93.602, -137.5164
538.000000, 93.791, -138.7263
545.000000, 93.936, -139.7690
552.000000, 94.064, -140.7584
560.000000, 94.197, -141.8213
570.000000, 94.343, -143.0826
580.000000, 94.469, -144.2908
590.000000, 94.577, -145.4091
600.000000, 94.671, -146.4129
608.000000, 94.745, -147.1584
615.000000, 94.807, -147.8162
622.000000, 94.864, -148.4780
630.000000, 94.926, -149.2278
640.000000, 94.994, -150.1667
650.000000, 95.049, -151.0567
660.000000, 95.098, -151.9464
670.000000, 95.130, -152.8380
680.000000, 95.149, -153.6367
690.000000, 95.164, -154.3336
700.000000, 95.181, -154.9679
710.000000, 95.199, -155.5632
720.000000, 95.216, -156.1431
730.000000, 95.229, -156.7082
740.000000, 95.242, -157.2586
750.000000, 95.254, -157.8100
762.000000, 95.263, -158.4526
775.000000, 95.267, -159.1359
788.000000, 95.262, -159.8226
800.000000, 95.251, -160.4192
812.000000, 95.236, -160.9889
825.000000, 95.214, -161.5869
838.000000, 95.186, -162.1377
850.000000, 95.157, -162.6358
862.000000, 95.121, -163.1235
875.000000, 95.076, -163.6257
885.000000, 95.038, -163.9949
900.000000, 94.973, -164.5258
912.000000, 94.913, -164.9172
925.000000, 94.840, -165.2882
938.000000, 94.760, -165.6126
950.000000, 94.680, -165.8658
962.000000, 94.590, -166.0406
975.000000, 94.486, -166.1314
988.000000, 94.378, -166.1190
1000.000000, 94.279, -166.0071
1015.000000, 94.163, -165.7277
1030.000000, 94.058, -165.3311
1044.000000, 93.974, -164.8365
1060.000000, 93.900, -164.1671
1075.000000, 93.853, -163.5074
1090.000000, 93.832, -162.8381
1106.000000, 93.842, -162.1437
1120.000000, 93.872, -161.5944
1138.000000, 93.929, -161.0105
1150.000000, 93.972, -160.7004
1172.000000, 94.054, -160.2751
1180.000000, 94.083, -160.1606
1206.000000, 94.174, -159.8943
1220.000000, 94.220, -159.8045
1241.000000, 94.285, -159.7056
1250.000000, 94.312, -159.6733
1265.000000, 94.355, -159.6258
1280.000000, 94.394, -159.5949
1315.000000, 94.446, -159.4990
1320.000000, 94.448, -159.4455
1340.000000, 94.466, -159.0182
1360.000000, 94.527, -158.4601
1380.000000, 94.637, -158.2203
1400.000000, 94.764, -158.3779
1430.000000, 94.901, -159.0679
1450.000000, 94.954, -159.5694
1475.000000, 94.996, -160.1743
1500.000000, 95.016, -160.7662
1525.000000, 95.013, -161.3454
1550.000000, 94.987, -161.8651
1575.000000, 94.945, -162.3315
1600.000000, 94.890, -162.7487
1625.000000, 94.822, -163.1059
1650.000000, 94.743, -163.3768
1675.000000, 94.657, -163.5546
1700.000000, 94.567, -163.6390
1725.000000, 94.475, -163.6597
1750.000000, 94.379, -163.6122
1775.000000, 94.278, -163.4921
1800.000000, 94.174, -163.2623
1825.000000, 94.071, -162.8855
1850.000000, 93.984, -162.3537
1875.000000, 93.925, -161.7355
1900.000000, 93.896, -161.1299
1925.000000, 93.892, -160.6805
1950.000000, 93.894, -160.4582
1975.000000, 93.877, -160.4536
2000.000000, 93.818, -160.5188
2030.000000, 93.696, -160.3022
2060.000000, 93.593, -159.4502
2090.000000, 93.625, -158.3993
2120.000000, 93.742, -158.4898
2140.000000, 93.744, -159.2227
2180.000000, 93.493, -160.2342
2200.000000, 93.319, -160.0949
2240.000000, 93.025, -158.8510
2270.000000, 92.897, -157.5537
2300.000000, 92.837, -156.4038
2330.000000, 92.796, -155.5261
2360.000000, 92.748, -154.7480
2400.000000, 92.680, -153.7010
2430.000000, 92.635, -152.9097
2470.000000, 92.586, -151.8817
2500.000000, 92.554, -151.1683
2540.000000, 92.507, -150.3186
2580.000000, 92.445, -149.5334
2620.000000, 92.355, -148.8134
2650.000000, 92.256, -148.2520
2690.000000, 92.063, -147.2649
2720.000000, 91.870, -146.1118
2760.000000, 91.568, -143.5177
2800.000000, 91.337, -138.7934
2850.000000, 91.761, -129.2608
2900.000000, 93.587, -123.0614
2950.000000, 95.357, -129.0533
3000.000000, 95.728, -139.8105
3040.000000, 95.318, -146.1409
3070.000000, 94.879, -149.0914
3110.000000, 94.293, -151.3161
3150.000000, 93.764, -152.3830
3200.000000, 93.177, -152.8517
3250.000000, 92.643, -152.7639
3300.000000, 92.135, -152.2969
3350.000000, 91.633, -151.4703
3400.000000, 91.131, -150.2520
3450.000000, 90.640, -148.5621
3500.000000, 90.186, -146.3933
3550.000000, 89.776, -144.0286
3600.000000, 89.350, -141.5815
3650.000000, 88.882, -138.4894
3700.000000, 88.446, -134.4067
3750.000000, 88.119, -129.6106
3820.000000, 87.814, -122.6894
3870.000000, 87.641, -116.9912
3950.000000, 87.837, -106.3265
4000.000000, 88.181, -101.1923
4060.000000, 88.466, -95.5883
4120.000000, 88.919, -86.4849
4180.000000, 90.371, -76.6017
4250.000000, 92.571, -74.0158
4310.000000, 94.014, -77.5978
4370.000000, 94.890, -83.1007
4440.000000, 95.314, -89.3066
4500.000000, 95.340, -93.2958
4550.000000, 95.243, -95.3634
4620.000000, 95.099, -96.4524
4680.000000, 95.058, -96.2576
4750.000000, 95.142, -95.2544
4820.000000, 95.405, -93.7808
4870.000000, 95.733, -92.6705
4940.000000, 96.433, -91.5822
5000.000000, 97.255, -91.8759
5080.000000, 98.520, -95.3872
5150.000000, 99.539, -101.8916
5220.000000, 100.243, -111.0764
5300.000000, 100.493, -123.4835
5380.000000, 100.123, -136.0970
5450.000000, 99.395, -146.2640
5520.000000, 98.397, -155.3615
5600.000000, 96.991, -164.4891
5700.000000, 94.895, -174.1147
5800.000000, 92.398, 177.8701
5900.000000, 89.303, 172.5839
6000.000000, 85.634, 172.2721
6080.000000, 82.414, 175.5885
6150.000000, 79.295, -179.4774
6220.000000, 75.887, -165.2654
6300.000000, 74.664, -80.2291
6400.000000, 78.962, -43.5346
6500.000000, 82.677, -44.0220
6600.000000, 84.896, -50.1829
6700.000000, 86.011, -57.4228
6800.000000, 86.325, -63.8531
6900.000000, 86.124, -68.6354
7000.000000, 85.547, -72.1252
7100.000000, 84.468, -74.1203
7200.000000, 82.770, -71.6121
7300.000000, 80.931, -59.0157
7400.000000, 80.356, -36.3350
7500.000000, 81.487, -17.0032
7620.000000, 83.516, -3.7545
7750.000000, 85.792, 5.2785
7880.000000, 88.233, 10.2435
8000.000000, 90.404, 9.3112
8120.000000, 92.106, 3.6903
8250.000000, 93.164, -5.3457
8380.000000, 93.315, -14.4255
8500.000000, 92.790, -19.9771
8620.000000, 92.008, -20.7057
8750.000000, 91.587, -16.0313
8850.000000, 91.986, -11.6331
9000.000000, 93.238, -11.6879
9120.000000, 93.776, -17.5699
9250.000000, 93.450, -24.3165
9380.000000, 92.584, -27.3945
9500.000000, 91.786, -26.9609
9620.000000, 91.171, -24.8122
9750.000000, 90.702, -21.4911
9880.000000, 90.425, -17.3781
10000.000000, 90.361, -13.0348
10150.000000, 90.629, -6.9913
10300.000000, 91.605, -1.0503
10440.000000, 93.223, 0.0298
10600.000000, 94.906, -8.0440
10750.000000, 95.431, -21.4749
10900.000000, 94.759, -35.2158
11060.000000, 93.080, -46.3248
11200.000000, 91.126, -52.0657
11380.000000, 88.198, -52.4861
11500.000000, 86.298, -46.6424
11720.000000, 84.641, -28.9553
11800.000000, 84.649, -25.0233
12060.000000, 84.697, -23.8298
12200.000000, 84.195, -27.7734
12410.000000, 82.284, -37.2300
12500.000000, 80.966, -42.5134
12650.000000, 78.132, -52.0091
12800.000000, 76.308, 98.7962
13150.000000, 83.040, 97.6318
13200.000000, 84.099, 95.9527
13400.000000, 87.977, 85.8050
13600.000000, 90.842, 67.0015
13800.000000, 91.588, 41.3995
14000.000000, 89.798, 19.7809
14300.000000, 85.586, 15.1190
14500.000000, 84.813, 13.8457
14750.000000, 84.263, 4.4929
15000.000000, 83.707, -11.2107
15250.000000, 82.673, -34.2918
15500.000000, 82.178, -63.0897
15750.000000, 82.950, -100.8911
16000.000000, 82.816, -140.0283
16250.000000, 81.153, -165.8971
16500.000000, 79.842, -177.1165
16750.000000, 79.028, 178.7762
17000.000000, 79.149, -173.5529
17250.000000, 81.585, -169.6562
17500.000000, 82.794, 177.5149
17750.000000, 81.494, 165.4484
18000.000000, 79.163, 164.5383
18250.000000, 77.256, 172.6966
18500.000000, 76.345, -173.7453
18750.000000, 76.818, -160.4220
19000.000000, 77.774, -155.7656
19250.000000, 77.709, -156.7021
19500.000000, 76.595, -154.9491
19750.000000, 75.054, -147.3434
20000.000000, 73.745, -130.3966
20300.000000, 74.458, -105.2603
20600.000000, 76.723, -94.2976
20900.000000, 78.304, -95.7033
21200.000000, 78.251, -101.6478
21400.000000, 77.162, -103.3881
21800.000000, 73.815, -85.7862
22000.000000, 73.500, -67.6923
22400.000000, 76.400, -39.0148
22700.000000, 78.918, -29.5315
23000.000000, 79.856, -28.3604
23300.000000, 78.706, -27.4698
23600.000000, 75.184, -35.9944
24000.000000, 68.531, -46.6897
