* Measurement data measured by REW V5.31.3
* Source: Analog 1/2 (E2x2), LINE_IN (Master Volume), L, volume: 1.000. Timing signal peak level -31.0 dBFS, measurement signal peak level -30.9 dBFS
* Format: 2M Log Swept Sine, 1 sweep at -16.4 dBFS using an acoustic timing reference
* Dated: Feb 18, 2025 3:42:18 PM
* REW Settings:
*  C-weighting compensation: Off
*  Target level: 85.0 dB
* Note: ; E2x2 Delay -0.0502 ms (-17 mm, -0.68 in) using estimated IR delay relative to Acoustic reference played from LINE_OUT L with no timing offset
* Measurement: L4
* Smoothing: 1/24 octave
* Frequency Step: 1/48 octave
* Start Frequency: 1.000 Hz
*
* Freq(Hz), SPL(dB), Phase(degrees)
1.000000, 30.248, -172.3337
1.015000, 29.744, -172.8107
1.030000, 29.284, -173.3517
1.044000, 28.902, -173.9320
1.060000, 28.526, -174.7148
1.075000, 28.239, -175.6092
1.090000, 28.021, -176.7353
1.106000, 27.864, -178.3927
1.120000, 27.782, 179.4593
1.138000, 27.741, 175.2596
1.150000, 27.751, 171.2691
1.172000, 27.843, 160.4767
1.180000, 27.897, 155.1420
1.206000, 28.148, 133.2071
1.220000, 28.324, 119.9940
1.241000, 28.638, 102.1822
1.250000, 28.788, 95.8993
1.265000, 29.057, 87.3113
1.280000, 29.347, 80.7172
1.315000, 30.089, 70.5585
1.320000, 30.201, 69.5104
1.340000, 30.658, 65.9666
1.360000, 31.126, 63.2006
1.380000, 31.598, 60.7905
1.400000, 32.066, 58.6754
1.430000, 32.747, 55.9504
1.450000, 33.178, 54.3416
1.475000, 33.700, 52.5707
1.500000, 34.242, 51.1992
1.525000, 34.821, 50.2219
1.550000, 35.432, 49.5496
1.575000, 36.069, 49.0106
1.600000, 36.724, 48.4696
1.625000, 37.391, 48.0458
1.650000, 38.063, 47.7022
1.675000, 38.734, 47.4105
1.700000, 39.396, 47.1490
1.725000, 40.044, 46.9008
1.750000, 40.670, 46.6532
1.775000, 41.268, 46.3339
1.800000, 41.831, 45.8764
1.825000, 42.355, 45.4085
1.850000, 42.843, 44.9591
1.875000, 43.303, 44.5712
1.900000, 43.740, 44.2521
1.925000, 44.156, 43.9928
1.950000, 44.554, 43.7849
1.975000, 44.934, 43.5581
2.000000, 45.300, 43.2460
2.030000, 45.723, 42.9081
2.060000, 46.131, 42.5920
2.090000, 46.528, 42.2874
2.120000, 46.918, 41.9854
2.140000, 47.176, 41.7817
2.180000, 47.688, 41.3002
2.200000, 47.944, 40.9979
2.240000, 48.445, 40.4209
2.270000, 48.808, 40.0284
2.300000, 49.160, 39.6705
2.330000, 49.502, 39.3433
2.360000, 49.835, 39.0415
2.400000, 50.266, 38.5326
2.430000, 50.582, 38.1513
2.470000, 50.994, 37.6621
2.500000, 51.298, 37.3047
2.540000, 51.698, 36.8356
2.580000, 52.092, 36.3300
2.620000, 52.476, 35.7551
2.650000, 52.757, 35.3473
2.690000, 53.123, 34.8323
2.720000, 53.391, 34.4664
2.760000, 53.740, 34.0073
2.800000, 54.082, 33.4709
2.850000, 54.500, 32.8143
2.900000, 54.910, 32.1846
2.950000, 55.310, 31.5788
3.000000, 55.700, 30.9213
3.040000, 56.004, 30.3898
3.070000, 56.227, 30.0058
3.110000, 56.519, 29.5127
3.150000, 56.806, 29.0399
3.200000, 57.157, 28.4099
3.250000, 57.502, 27.7751
3.300000, 57.840, 27.1639
3.350000, 58.172, 26.5788
3.400000, 58.496, 25.9526
3.450000, 58.812, 25.3245
3.500000, 59.122, 24.7222
3.550000, 59.425, 24.1458
3.600000, 59.723, 23.5408
3.650000, 60.016, 22.9348
3.700000, 60.304, 22.3485
3.750000, 60.587, 21.7811
3.820000, 60.972, 20.9488
3.870000, 61.241, 20.3619
3.950000, 61.662, 19.4618
4.000000, 61.920, 18.8835
4.060000, 62.224, 18.1898
4.120000, 62.521, 17.5168
4.180000, 62.811, 16.8521
4.250000, 63.143, 16.0461
4.310000, 63.421, 15.3807
4.370000, 63.693, 14.7308
4.440000, 64.004, 13.9464
4.500000, 64.264, 13.2894
4.550000, 64.477, 12.7552
4.620000, 64.769, 11.9869
4.680000, 65.013, 11.3405
4.750000, 65.293, 10.6133
4.820000, 65.565, 9.8728
4.870000, 65.756, 9.3486
4.940000, 66.017, 8.6345
5.000000, 66.236, 8.0211
5.080000, 66.522, 7.2168
5.150000, 66.766, 6.5435
5.220000, 67.004, 5.8642
5.300000, 67.270, 5.1034
5.380000, 67.528, 4.3699
5.450000, 67.750, 3.7292
5.520000, 67.968, 3.1183
5.600000, 68.212, 2.4348
5.700000, 68.509, 1.5957
5.800000, 68.799, 0.7929
5.900000, 69.084, 0.0136
6.000000, 69.363, -0.7314
6.080000, 69.582, -1.3197
6.150000, 69.772, -1.8136
6.220000, 69.960, -2.3090
6.300000, 70.173, -2.8585
6.400000, 70.436, -3.5256
6.500000, 70.696, -4.1878
6.600000, 70.953, -4.8389
6.700000, 71.207, -5.4899
6.800000, 71.458, -6.1302
6.900000, 71.705, -6.7764
7.000000, 71.950, -7.4216
7.100000, 72.191, -8.0740
7.200000, 72.428, -8.7244
7.300000, 72.661, -9.3837
7.400000, 72.890, -10.0448
7.500000, 73.114, -10.7152
7.620000, 73.376, -11.5170
7.750000, 73.652, -12.3825
7.880000, 73.918, -13.2543
8.000000, 74.156, -14.0440
8.120000, 74.386, -14.8209
8.250000, 74.627, -15.6479
8.380000, 74.859, -16.4462
8.500000, 75.067, -17.1560
8.620000, 75.269, -17.8382
8.750000, 75.483, -18.5419
8.850000, 75.644, -19.0566
9.000000, 75.880, -19.7811
9.120000, 76.067, -20.3255
9.250000, 76.268, -20.8775
9.380000, 76.468, -21.3911
9.500000, 76.654, -21.8436
9.620000, 76.842, -22.2725
9.750000, 77.045, -22.7177
9.880000, 77.243, -23.1558
10.000000, 77.418, -23.5523
10.150000, 77.628, -24.0748
10.300000, 77.834, -24.6055
10.440000, 78.023, -25.1115
10.600000, 78.238, -25.7095
10.750000, 78.440, -26.2957
10.900000, 78.642, -26.9036
11.060000, 78.851, -27.5933
11.200000, 79.030, -28.2401
11.380000, 79.250, -29.0794
11.500000, 79.391, -29.6396
11.720000, 79.639, -30.6498
11.800000, 79.727, -31.0068
12.060000, 80.003, -32.1324
12.200000, 80.149, -32.7237
12.410000, 80.364, -33.5564
12.500000, 80.455, -33.8929
12.650000, 80.606, -34.4288
12.800000, 80.757, -34.9396
13.150000, 81.112, -36.0945
13.200000, 81.163, -36.2616
13.400000, 81.371, -36.9297
13.600000, 81.579, -37.6066
13.800000, 81.787, -38.2990
14.000000, 81.989, -39.0090
14.300000, 82.281, -40.1307
14.500000, 82.464, -40.8781
14.750000, 82.683, -41.7910
15.000000, 82.893, -42.6668
15.250000, 83.098, -43.5214
15.500000, 83.298, -44.3265
15.750000, 83.492, -45.0840
16.000000, 83.682, -45.8007
16.250000, 83.867, -46.5033
16.500000, 84.046, -47.1667
16.750000, 84.220, -47.7823
17.000000, 84.391, -48.3397
17.250000, 84.561, -48.8428
17.500000, 84.732, -49.2685
17.750000, 84.907, -49.6174
18.000000, 85.092, -49.9065
18.250000, 85.289, -50.1757
18.500000, 85.501, -50.4485
18.750000, 85.726, -50.7612
19.000000, 85.963, -51.1470
19.250000, 86.206, -51.6435
19.500000, 86.448, -52.2418
19.750000, 86.685, -52.9336
20.000000, 86.911, -53.6989
20.299999, 87.167, -54.6911
20.600000, 87.405, -55.7040
20.900000, 87.630, -56.7038
21.200001, 87.845, -57.6853
21.400000, 87.986, -58.3299
21.799999, 88.263, -59.6120
22.000000, 88.400, -60.2622
22.400000, 88.667, -61.6122
22.700001, 88.858, -62.6546
23.000000, 89.039, -63.7099
23.299999, 89.210, -64.7689
23.600000, 89.373, -65.8132
24.000000, 89.581, -67.1787
24.299999, 89.732, -68.1984
24.700001, 89.925, -69.5567
25.000000, 90.061, -70.5746
25.400000, 90.227, -71.9242
25.799999, 90.377, -73.2243
26.200001, 90.514, -74.4588
26.500000, 90.612, -75.3440
26.900000, 90.737, -76.4819
27.200001, 90.825, -77.3172
27.600000, 90.932, -78.3992
28.000000, 91.022, -79.4087
28.500000, 91.116, -80.5011
29.000000, 91.203, -81.3420
29.500000, 91.300, -81.9543
30.000000, 91.417, -82.3975
30.400000, 91.526, -82.6754
30.700001, 91.619, -82.8522
31.100000, 91.757, -83.0698
31.500000, 91.915, -83.3056
32.000000, 92.136, -83.6812
32.500000, 92.372, -84.1922
33.000000, 92.615, -84.8277
33.500000, 92.862, -85.5745
34.000000, 93.115, -86.4438
34.500000, 93.368, -87.4696
35.000000, 93.609, -88.6407
35.500000, 93.828, -89.8979
36.000000, 94.030, -91.1692
36.500000, 94.221, -92.4353
37.000000, 94.408, -93.7202
37.500000, 94.586, -95.0588
38.200001, 94.811, -97.0166
38.700001, 94.951, -98.4418
39.500000, 95.139, -100.7052
40.000000, 95.236, -102.0814
40.599998, 95.333, -103.6643
41.200001, 95.412, -105.1400
41.799999, 95.481, -106.4917
42.500000, 95.554, -107.8915
43.099998, 95.620, -108.9277
43.700001, 95.698, -109.8341
44.400002, 95.814, -110.8066
45.000000, 95.933, -111.6609
45.500000, 96.040, -112.4343
46.200001, 96.188, -113.6124
46.799999, 96.307, -114.6667
47.500000, 96.437, -115.9004
48.200001, 96.563, -117.1378
48.700001, 96.648, -118.0293
49.400002, 96.762, -119.2696
50.000000, 96.856, -120.3098
50.799999, 96.983, -121.6858
51.500000, 97.095, -122.9111
52.200001, 97.205, -124.1653
53.000000, 97.330, -125.6408
53.799999, 97.448, -127.1741
54.500000, 97.543, -128.5490
55.200001, 97.629, -129.9355
56.000000, 97.718, -131.5313
57.000000, 97.810, -133.5200
58.000000, 97.886, -135.4566
59.000000, 97.949, -137.3684
60.000000, 97.993, -139.2388
60.799999, 98.018, -140.6637
61.500000, 98.036, -141.8620
62.200001, 98.051, -143.0230
63.000000, 98.063, -144.2915
64.000000, 98.079, -145.7822
65.000000, 98.099, -147.2113
66.000000, 98.119, -148.6026
67.000000, 98.140, -149.9639
68.000000, 98.157, -151.3168
69.000000, 98.169, -152.6368
70.000000, 98.182, -153.9501
71.000000, 98.187, -155.2881
72.000000, 98.183, -156.5878
73.000000, 98.178, -157.8261
74.000000, 98.175, -159.0218
75.000000, 98.176, -160.1866
76.199997, 98.182, -161.5826
77.500000, 98.186, -163.1056
78.800003, 98.186, -164.6346
80.000000, 98.181, -166.0616
81.199997, 98.170, -167.5056
82.500000, 98.149, -169.0832
83.800003, 98.118, -170.6294
85.000000, 98.084, -172.0178
86.199997, 98.043, -173.3814
87.500000, 97.990, -174.8422
88.500000, 97.941, -175.9594
90.000000, 97.844, -177.6831
91.199997, 97.727, -178.9420
92.500000, 97.586, -179.9872
93.800003, 97.452, 179.3040
95.000000, 97.357, 178.8626
96.199997, 97.280, 178.4966
97.500000, 97.225, 178.2463
98.800003, 97.222, 177.9749
100.000000, 97.255, 177.5190
101.500000, 97.314, 176.5978
103.000000, 97.363, 175.3924
104.400002, 97.394, 174.1573
106.000000, 97.411, 172.6227
107.500000, 97.404, 171.1096
109.000000, 97.378, 169.5891
110.599998, 97.342, 167.9515
112.000000, 97.297, 166.4785
113.800003, 97.214, 164.6068
115.000000, 97.147, 163.4244
117.199997, 97.018, 161.2540
118.000000, 96.965, 160.4490
120.599998, 96.775, 157.9942
122.000000, 96.673, 156.7457
124.099998, 96.508, 154.9297
125.000000, 96.433, 154.1650
126.500000, 96.300, 152.8777
128.000000, 96.156, 151.6057
131.500000, 95.797, 148.7922
132.000000, 95.744, 148.4035
134.000000, 95.520, 146.9036
136.000000, 95.291, 145.4938
138.000000, 95.059, 144.1061
140.000000, 94.813, 142.7950
143.000000, 94.438, 141.2340
145.000000, 94.202, 140.1687
147.500000, 93.853, 138.7703
150.000000, 93.486, 137.7452
152.500000, 93.126, 136.8531
155.000000, 92.765, 136.0926
157.500000, 92.398, 135.4684
160.000000, 92.026, 134.9979
162.500000, 91.658, 134.6827
165.000000, 91.303, 134.4991
167.500000, 90.952, 134.4338
170.000000, 90.597, 134.4915
172.500000, 90.246, 134.6366
175.000000, 89.904, 134.8050
177.500000, 89.571, 135.1307
180.000000, 89.248, 135.6429
182.500000, 88.926, 136.2061
185.000000, 88.603, 136.6823
187.500000, 88.296, 137.0617
190.000000, 88.013, 137.5435
192.500000, 87.731, 138.4206
195.000000, 87.452, 139.6349
197.500000, 87.171, 140.5050
200.000000, 86.868, 141.1956
203.000000, 86.515, 142.2676
206.000000, 86.172, 143.5624
209.000000, 85.842, 144.9345
212.000000, 85.537, 146.3604
214.000000, 85.338, 147.4023
218.000000, 84.942, 149.6659
220.000000, 84.752, 150.8491
224.000000, 84.386, 153.3144
227.000000, 84.125, 155.2089
230.000000, 83.894, 157.2414
233.000000, 83.690, 159.4553
236.000000, 83.499, 161.8114
240.000000, 83.275, 164.7149
243.000000, 83.110, 166.7310
247.000000, 82.862, 169.9496
250.000000, 82.694, 172.6972
254.000000, 82.541, 176.3659
258.000000, 82.492, -179.7725
262.000000, 82.536, -176.0644
265.000000, 82.579, -173.5950
269.000000, 82.630, -170.4373
272.000000, 82.666, -168.1862
276.000000, 82.732, -165.1947
280.000000, 82.828, -162.1013
285.000000, 82.998, -158.4220
290.000000, 83.256, -154.9816
295.000000, 83.562, -152.0340
300.000000, 83.876, -149.1608
304.000000, 84.105, -147.0751
307.000000, 84.273, -145.6749
311.000000, 84.496, -143.9590
315.000000, 84.714, -142.2923
320.000000, 84.994, -140.4434
325.000000, 85.280, -138.6972
330.000000, 85.563, -136.7407
335.000000, 85.857, -134.7359
340.000000, 86.188, -132.8179
345.000000, 86.563, -131.2556
350.000000, 86.945, -130.0810
355.000000, 87.308, -129.1298
360.000000, 87.651, -128.3705
365.000000, 87.980, -127.7347
370.000000, 88.301, -127.0892
375.000000, 88.621, -126.5581
382.000000, 89.066, -126.0158
387.000000, 89.378, -125.7290
395.000000, 89.866, -125.5713
400.000000, 90.163, -125.6446
406.000000, 90.506, -125.9543
412.000000, 90.822, -126.5081
418.000000, 91.096, -127.2455
425.000000, 91.334, -128.1999
431.000000, 91.474, -128.8550
437.000000, 91.578, -129.1348
444.000000, 91.702, -128.9350
450.000000, 91.854, -128.4041
455.000000, 92.033, -127.8669
462.000000, 92.353, -127.3429
468.000000, 92.661, -127.2902
475.000000, 93.019, -127.6584
482.000000, 93.349, -128.3598
487.000000, 93.567, -128.9864
494.000000, 93.849, -130.0052
500.000000, 94.066, -130.9801
508.000000, 94.320, -132.3551
515.000000, 94.510, -133.5522
522.000000, 94.675, -134.7305
530.000000, 94.840, -136.0546
538.000000, 94.985, -137.3356
545.000000, 95.096, -138.4394
552.000000, 95.195, -139.4794
560.000000, 95.298, -140.6003
570.000000, 95.413, -141.9417
580.000000, 95.511, -143.2206
590.000000, 95.591, -144.4282
600.000000, 95.662, -145.5351
608.000000, 95.716, -146.3773
615.000000, 95.759, -147.1156
622.000000, 95.796, -147.8405
630.000000, 95.834, -148.6295
640.000000, 95.878, -149.5874
650.000000, 95.912, -150.5461
660.000000, 95.938, -151.4693
670.000000, 95.955, -152.3592
680.000000, 95.961, -153.1974
690.000000, 95.962, -153.9509
700.000000, 95.962, -154.6371
710.000000, 95.962, -155.2659
720.000000, 95.964, -155.8600
730.000000, 95.967, -156.4319
740.000000, 95.971, -156.9798
750.000000, 95.977, -157.5347
762.000000, 95.980, -158.1895
775.000000, 95.979, -158.8788
788.000000, 95.974, -159.5813
800.000000, 95.966, -160.2246
812.000000, 95.955, -160.8558
825.000000, 95.936, -161.5396
838.000000, 95.914, -162.2161
850.000000, 95.888, -162.8455
862.000000, 95.851, -163.4753
875.000000, 95.802, -164.1300
885.000000, 95.758, -164.6109
900.000000, 95.681, -165.2996
912.000000, 95.610, -165.8064
925.000000, 95.528, -166.2961
938.000000, 95.438, -166.7377
950.000000, 95.345, -167.1015
962.000000, 95.243, -167.3929
975.000000, 95.123, -167.6074
988.000000, 94.998, -167.6997
1000.000000, 94.882, -167.6616
1015.000000, 94.743, -167.4447
1030.000000, 94.616, -167.0758
1044.000000, 94.516, -166.5802
1060.000000, 94.431, -165.8880
1075.000000, 94.384, -165.2146
1090.000000, 94.369, -164.6064
1106.000000, 94.379, -164.0658
1120.000000, 94.399, -163.6545
1138.000000, 94.436, -163.2014
1150.000000, 94.465, -162.9534
1172.000000, 94.520, -162.6205
1180.000000, 94.540, -162.5279
1206.000000, 94.604, -162.2850
1220.000000, 94.641, -162.1892
1241.000000, 94.702, -162.1165
1250.000000, 94.727, -162.1146
1265.000000, 94.765, -162.1367
1280.000000, 94.795, -162.1922
1315.000000, 94.817, -162.2674
1320.000000, 94.815, -162.2292
1340.000000, 94.813, -161.8415
1360.000000, 94.857, -161.2941
1380.000000, 94.954, -161.0562
1400.000000, 95.073, -161.2404
1430.000000, 95.198, -162.0084
1450.000000, 95.239, -162.5694
1475.000000, 95.264, -163.2308
1500.000000, 95.271, -163.8661
1525.000000, 95.259, -164.5187
1550.000000, 95.222, -165.1572
1575.000000, 95.162, -165.7441
1600.000000, 95.085, -166.2495
1625.000000, 94.997, -166.6596
1650.000000, 94.901, -166.9777
1675.000000, 94.801, -167.2309
1700.000000, 94.696, -167.4405
1725.000000, 94.582, -167.6084
1750.000000, 94.455, -167.6925
1775.000000, 94.319, -167.6664
1800.000000, 94.177, -167.4928
1825.000000, 94.039, -167.1585
1850.000000, 93.915, -166.6669
1875.000000, 93.815, -166.0699
1900.000000, 93.744, -165.4498
1925.000000, 93.698, -164.9390
1950.000000, 93.658, -164.6081
1975.000000, 93.603, -164.4446
2000.000000, 93.513, -164.3093
2030.000000, 93.368, -163.7987
2060.000000, 93.273, -162.5991
2090.000000, 93.357, -161.4172
2120.000000, 93.520, -161.8990
2140.000000, 93.514, -163.0331
2180.000000, 93.178, -164.6791
2200.000000, 92.945, -164.7888
2240.000000, 92.476, -163.9342
2270.000000, 92.164, -162.4112
2300.000000, 91.957, -160.3735
2330.000000, 91.857, -158.4700
2360.000000, 91.800, -156.9154
2400.000000, 91.734, -155.1292
2430.000000, 91.688, -153.8734
2470.000000, 91.635, -152.2680
2500.000000, 91.600, -151.1438
2540.000000, 91.545, -149.7621
2580.000000, 91.473, -148.4102
2620.000000, 91.373, -147.0601
2650.000000, 91.268, -145.9660
2690.000000, 91.072, -144.1500
2720.000000, 90.888, -142.2482
2760.000000, 90.635, -138.4133
2800.000000, 90.558, -132.2027
2850.000000, 91.403, -121.6207
2900.000000, 93.559, -117.0351
2950.000000, 95.294, -124.9495
3000.000000, 95.492, -136.3095
3040.000000, 94.952, -142.3300
3070.000000, 94.444, -144.7404
3110.000000, 93.811, -145.9969
3150.000000, 93.291, -145.9462
3200.000000, 92.791, -144.9711
3250.000000, 92.425, -143.5557
3300.000000, 92.157, -142.0518
3350.000000, 91.949, -140.6283
3400.000000, 91.769, -139.3129
3450.000000, 91.611, -138.0457
3500.000000, 91.475, -136.9073
3550.000000, 91.323, -136.1124
3600.000000, 91.081, -135.4416
3650.000000, 90.752, -134.2215
3700.000000, 90.419, -132.2119
3750.000000, 90.142, -129.7920
3820.000000, 89.744, -126.6077
3870.000000, 89.335, -123.5506
3950.000000, 88.842, -115.6815
4000.000000, 88.655, -110.6744
4060.000000, 88.357, -102.6065
4120.000000, 88.703, -87.9272
4180.000000, 90.650, -74.1462
4250.000000, 93.363, -71.8448
4310.000000, 95.033, -76.7981
4370.000000, 96.017, -83.6974
4440.000000, 96.494, -91.3558
4500.000000, 96.540, -96.4806
4550.000000, 96.444, -99.4946
4620.000000, 96.270, -101.9860
4680.000000, 96.162, -103.0382
4750.000000, 96.107, -103.4254
4820.000000, 96.158, -103.0316
4870.000000, 96.306, -102.3387
4940.000000, 96.766, -101.2659
5000.000000, 97.438, -101.2280
5080.000000, 98.589, -104.2910
5150.000000, 99.548, -110.6669
5220.000000, 100.195, -119.9520
5300.000000, 100.384, -132.6868
5380.000000, 99.939, -146.1107
5450.000000, 99.060, -157.4734
5520.000000, 97.749, -167.8934
5600.000000, 95.724, -177.7875
5700.000000, 92.481, 174.8624
5800.000000, 88.690, 175.6800
5900.000000, 84.978, -170.6706
6000.000000, 82.937, -148.7501
6080.000000, 82.602, -135.5638
6150.000000, 82.531, -128.2167
6220.000000, 82.381, -122.5447
6300.000000, 82.099, -116.8708
6400.000000, 81.486, -109.3016
6500.000000, 81.036, -98.0269
6600.000000, 81.233, -87.6178
6700.000000, 81.578, -81.3494
6800.000000, 81.614, -77.2592
6900.000000, 81.328, -72.6910
7000.000000, 80.851, -66.2561
7100.000000, 80.356, -56.4704
7200.000000, 80.324, -42.3679
7300.000000, 81.203, -27.7330
7400.000000, 82.652, -17.8160
7500.000000, 84.039, -12.7048
7620.000000, 85.345, -9.1972
7750.000000, 86.445, -5.3121
7880.000000, 87.563, 0.2091
8000.000000, 88.940, 4.9843
8120.000000, 90.540, 7.3169
8250.000000, 92.371, 6.8417
8380.000000, 94.203, 2.5064
8500.000000, 95.604, -5.6637
8620.000000, 96.377, -17.0421
8750.000000, 96.237, -30.3519
8850.000000, 95.464, -38.9491
9000.000000, 93.643, -46.3295
9120.000000, 92.038, -46.9801
9250.000000, 90.541, -43.2733
9380.000000, 89.533, -36.9543
9500.000000, 89.022, -30.8858
9620.000000, 88.722, -25.4449
9750.000000, 88.450, -19.5097
9880.000000, 88.299, -11.5982
10000.000000, 88.694, -1.4517
10150.000000, 90.548, 10.2335
10300.000000, 93.244, 12.3865
10440.000000, 95.576, 5.2656
10600.000000, 97.336, -11.2643
10750.000000, 97.495, -31.0717
10900.000000, 96.138, -48.7376
11060.000000, 93.768, -61.2263
11200.000000, 91.542, -68.0098
11380.000000, 88.541, -74.1367
11500.000000, 86.197, -75.9538
11720.000000, 81.097, -67.4064
11800.000000, 79.235, -58.2246
12060.000000, 75.652, -17.1594
12200.000000, 74.976, 2.1320
12410.000000, 76.317, 47.0406
12500.000000, 78.203, 62.4314
12650.000000, 81.522, 71.7442
12800.000000, 84.101, 69.8325
13150.000000, 87.456, 57.0348
13200.000000, 87.870, 55.4219
13400.000000, 89.938, 47.4288
13600.000000, 92.108, 30.9858
13800.000000, 93.317, 5.6195
14000.000000, 93.256, -25.6831
14300.000000, 90.205, -76.8368
14500.000000, 86.604, -107.9247
14750.000000, 82.236, -138.8082
15000.000000, 80.851, -162.6584
15250.000000, 80.790, 176.8634
15500.000000, 80.531, 164.7536
15750.000000, 80.427, 157.0657
16000.000000, 79.416, 158.5145
16250.000000, 80.632, 176.6685
16500.000000, 83.211, 176.5018
16750.000000, 84.164, 167.4023
17000.000000, 84.274, 160.1156
17250.000000, 83.755, 154.5873
17500.000000, 82.843, 153.8239
17750.000000, 82.250, 155.9790
18000.000000, 81.826, 157.9402
18250.000000, 81.484, 160.1095
18500.000000, 81.218, 160.0427
18750.000000, 80.314, 157.9235
19000.000000, 78.587, 158.2460
19250.000000, 76.244, 164.4023
19500.000000, 73.782, -179.8369
19750.000000, 72.361, -153.2505
20000.000000, 73.184, -125.1002
20300.000000, 75.763, -107.7774
20600.000000, 78.153, -104.1683
20900.000000, 79.226, -108.2092
21200.000000, 79.125, -111.9740
21400.000000, 78.789, -113.7294
21800.000000, 76.937, -115.9990
22000.000000, 75.187, -112.0948
22400.000000, 72.095, -93.8714
22700.000000, 70.891, -73.9906
23000.000000, 72.953, -25.2129
23300.000000, 74.923, 6.1001
23600.000000, 73.696, -2.3858
24000.000000, 70.084, -26.9478
