* Measurement data measured by REW V5.31.3
* Source: Analog 1/2 (E2x2), LINE_IN (Master Volume), L, volume: 1.000. Timing signal peak level -31.1 dBFS, measurement signal peak level -31.2 dBFS
* Format: 2M Log Swept Sine, 1 sweep at -21.6 dBFS using an acoustic timing reference
* Dated: Mar 10, 2025 9:13:17 AM
* REW Settings:
*  C-weighting compensation: Off
*  Target level: 85.0 dB
* Note: ; E2x2 Delay -0.0553 ms (-19 mm, -0.75 in) using estimated IR delay relative to Acoustic reference played from LINE_OUT L with no timing offset
* Measurement: L2
* Smoothing: 1/24 octave
* Frequency Step: 1/48 octave
* Start Frequency: 1.000 Hz
*
* Freq(Hz), SPL(dB), Phase(degrees)
1.000000, 45.690, 35.5107
1.015000, 45.362, 37.6562
1.030000, 45.052, 39.7084
1.044000, 44.782, 41.5275
1.060000, 44.498, 43.4784
1.075000, 44.257, 45.1712
1.090000, 44.043, 46.7267
1.106000, 43.843, 48.2625
1.120000, 43.689, 49.5623
1.138000, 43.515, 51.2115
1.150000, 43.413, 52.2950
1.172000, 43.255, 54.1199
1.180000, 43.206, 54.6480
1.206000, 43.078, 56.2816
1.220000, 43.027, 57.0940
1.241000, 42.972, 58.2106
1.250000, 42.956, 58.6484
1.265000, 42.940, 59.3197
1.280000, 42.935, 59.9137
1.315000, 42.963, 60.9743
1.320000, 42.971, 61.0863
1.340000, 43.013, 61.4293
1.360000, 43.069, 61.6023
1.380000, 43.136, 61.4246
1.400000, 43.213, 60.9889
1.430000, 43.344, 59.9511
1.450000, 43.439, 58.9939
1.475000, 43.569, 57.5411
1.500000, 43.724, 55.9534
1.525000, 43.908, 54.3338
1.550000, 44.120, 52.7210
1.575000, 44.356, 51.0433
1.600000, 44.615, 49.2378
1.625000, 44.892, 47.4748
1.650000, 45.187, 45.7517
1.675000, 45.495, 44.0627
1.700000, 45.815, 42.3996
1.725000, 46.142, 40.7534
1.750000, 46.476, 39.1154
1.775000, 46.812, 37.4148
1.800000, 47.149, 35.5858
1.825000, 47.485, 33.7588
1.850000, 47.827, 31.9771
1.875000, 48.182, 30.3099
1.900000, 48.552, 28.7827
1.925000, 48.935, 27.3938
1.950000, 49.328, 26.1354
1.975000, 49.729, 24.9338
2.000000, 50.135, 23.7170
2.030000, 50.625, 22.3762
2.060000, 51.114, 21.1351
2.090000, 51.598, 19.9707
2.120000, 52.073, 18.8618
2.140000, 52.382, 18.1442
2.180000, 52.978, 16.6800
2.200000, 53.264, 15.9058
2.240000, 53.821, 14.4309
2.270000, 54.229, 13.4138
2.300000, 54.631, 12.4761
2.330000, 55.026, 11.6133
2.360000, 55.414, 10.8178
2.400000, 55.920, 9.7094
2.430000, 56.290, 8.9170
2.470000, 56.773, 7.9228
2.500000, 57.126, 7.2131
2.540000, 57.584, 6.3001
2.580000, 58.027, 5.3677
2.620000, 58.455, 4.3722
2.650000, 58.766, 3.6559
2.690000, 59.169, 2.7464
2.720000, 59.462, 2.1016
2.760000, 59.842, 1.2970
2.800000, 60.210, 0.4473
2.850000, 60.654, -0.5548
2.900000, 61.083, -1.4824
2.950000, 61.496, -2.3580
3.000000, 61.891, -3.2922
3.040000, 62.194, -4.0499
3.070000, 62.413, -4.5999
3.110000, 62.697, -5.3014
3.150000, 62.972, -5.9605
3.200000, 63.303, -6.7824
3.250000, 63.623, -7.5558
3.300000, 63.932, -8.2559
3.350000, 64.228, -8.9126
3.400000, 64.510, -9.6135
3.450000, 64.780, -10.3083
3.500000, 65.038, -10.9532
3.550000, 65.287, -11.5326
3.600000, 65.529, -12.0879
3.650000, 65.764, -12.5843
3.700000, 65.992, -13.0142
3.750000, 66.211, -13.4023
3.820000, 66.502, -13.9509
3.870000, 66.702, -14.3028
3.950000, 67.015, -14.7482
4.000000, 67.209, -14.9813
4.060000, 67.440, -15.1943
4.120000, 67.666, -15.3276
4.180000, 67.887, -15.4090
4.250000, 68.143, -15.4932
4.310000, 68.364, -15.5117
4.370000, 68.589, -15.4903
4.440000, 68.857, -15.4481
4.500000, 69.090, -15.3509
4.550000, 69.287, -15.2373
4.620000, 69.566, -15.0986
4.680000, 69.809, -14.9915
4.750000, 70.099, -14.8844
4.820000, 70.396, -14.8173
4.870000, 70.613, -14.7658
4.940000, 70.922, -14.6936
5.000000, 71.189, -14.6774
5.080000, 71.547, -14.7429
5.150000, 71.861, -14.8721
5.220000, 72.176, -15.0712
5.300000, 72.538, -15.3480
5.380000, 72.898, -15.6888
5.450000, 73.208, -16.0803
5.520000, 73.511, -16.5352
5.600000, 73.852, -17.1320
5.700000, 74.267, -17.9722
5.800000, 74.668, -18.8897
5.900000, 75.050, -19.9022
6.000000, 75.413, -20.9938
6.080000, 75.692, -21.9159
6.150000, 75.926, -22.7258
6.220000, 76.150, -23.5539
6.300000, 76.396, -24.5118
6.400000, 76.685, -25.7324
6.500000, 76.959, -26.9579
6.600000, 77.217, -28.1479
6.700000, 77.459, -29.3231
6.800000, 77.687, -30.4774
6.900000, 77.904, -31.5994
7.000000, 78.112, -32.6641
7.100000, 78.310, -33.6912
7.200000, 78.500, -34.6764
7.300000, 78.685, -35.6224
7.400000, 78.867, -36.5176
7.500000, 79.046, -37.3773
7.620000, 79.256, -38.3640
7.750000, 79.483, -39.3873
7.880000, 79.709, -40.3747
8.000000, 79.917, -41.2582
8.120000, 80.124, -42.1338
8.250000, 80.348, -43.0712
8.380000, 80.571, -44.0019
8.500000, 80.775, -44.8670
8.620000, 80.978, -45.7333
8.750000, 81.194, -46.6751
8.850000, 81.359, -47.4050
9.000000, 81.601, -48.5005
9.120000, 81.793, -49.3830
9.250000, 81.997, -50.3434
9.380000, 82.199, -51.3063
9.500000, 82.383, -52.2069
9.620000, 82.565, -53.1152
9.750000, 82.759, -54.1118
9.880000, 82.941, -55.1285
10.000000, 83.096, -56.0818
10.150000, 83.273, -57.3239
10.300000, 83.436, -58.5855
10.440000, 83.576, -59.7814
10.600000, 83.722, -61.1563
10.750000, 83.850, -62.4468
10.900000, 83.967, -63.7283
11.060000, 84.078, -65.0799
11.200000, 84.163, -66.2563
11.380000, 84.260, -67.6961
11.500000, 84.316, -68.6026
11.720000, 84.411, -70.1475
11.800000, 84.445, -70.6680
12.060000, 84.557, -72.2393
12.200000, 84.623, -73.0374
12.410000, 84.731, -74.1654
12.500000, 84.780, -74.6351
12.650000, 84.865, -75.4072
12.800000, 84.954, -76.1809
13.150000, 85.168, -78.0773
13.200000, 85.199, -78.3631
13.400000, 85.318, -79.5299
13.600000, 85.431, -80.7216
13.800000, 85.535, -81.9234
14.000000, 85.627, -83.1130
14.300000, 85.745, -84.8718
14.500000, 85.814, -85.9808
14.750000, 85.893, -87.2849
15.000000, 85.970, -88.5023
15.250000, 86.052, -89.6748
15.500000, 86.137, -90.7962
15.750000, 86.224, -91.8854
16.000000, 86.311, -92.9622
16.250000, 86.395, -94.0640
16.500000, 86.476, -95.1758
16.750000, 86.549, -96.2981
17.000000, 86.612, -97.4237
17.250000, 86.663, -98.5501
17.500000, 86.698, -99.6369
17.750000, 86.720, -100.6551
18.000000, 86.730, -101.5886
18.250000, 86.734, -102.4455
18.500000, 86.737, -103.2265
18.750000, 86.740, -103.9582
19.000000, 86.744, -104.6726
19.250000, 86.745, -105.4101
19.500000, 86.735, -106.1597
19.750000, 86.709, -106.9034
20.000000, 86.662, -107.6019
20.299999, 86.579, -108.3262
20.600000, 86.475, -108.8357
20.900000, 86.361, -109.0798
21.200001, 86.255, -109.0586
21.400000, 86.195, -108.9104
21.799999, 86.120, -108.3740
22.000000, 86.111, -108.0481
22.400000, 86.155, -107.4994
22.700001, 86.232, -107.3546
23.000000, 86.318, -107.5719
23.299999, 86.373, -108.1594
23.600000, 86.356, -108.9426
24.000000, 86.178, -109.6561
24.299999, 85.949, -109.3157
24.700001, 85.675, -106.9034
25.000000, 85.672, -103.7463
25.400000, 86.120, -99.4276
25.799999, 86.952, -97.2895
26.200001, 87.807, -98.1505
26.500000, 88.291, -100.2082
26.900000, 88.641, -103.5961
27.200001, 88.703, -105.8230
27.600000, 88.640, -107.5150
28.000000, 88.615, -107.5565
28.500000, 88.881, -106.6322
29.000000, 89.407, -106.8167
29.500000, 89.893, -108.7466
30.000000, 90.177, -111.4093
30.400000, 90.287, -113.3484
30.700001, 90.347, -114.5583
31.100000, 90.436, -115.9868
31.500000, 90.542, -117.4675
32.000000, 90.650, -119.6107
32.500000, 90.681, -121.9214
33.000000, 90.640, -124.0481
33.500000, 90.573, -125.8684
34.000000, 90.513, -127.5405
34.500000, 90.447, -129.2456
35.000000, 90.342, -130.9412
35.500000, 90.190, -132.4322
36.000000, 90.013, -133.5691
36.500000, 89.838, -134.3752
37.000000, 89.672, -134.9602
37.500000, 89.507, -135.3945
38.200001, 89.260, -135.6969
38.700001, 89.078, -135.6418
39.500000, 88.792, -135.0900
40.000000, 88.622, -134.4814
40.599998, 88.435, -133.5179
41.200001, 88.271, -132.3447
41.799999, 88.131, -130.9806
42.500000, 88.010, -129.1232
43.099998, 87.962, -127.3717
43.700001, 87.965, -125.5986
44.400002, 88.016, -123.5120
45.000000, 88.106, -121.6356
45.500000, 88.222, -120.0319
46.200001, 88.450, -117.8288
46.799999, 88.698, -116.0092
47.500000, 89.055, -113.9887
48.200001, 89.492, -112.2463
48.700001, 89.843, -111.3111
49.400002, 90.358, -110.5478
50.000000, 90.795, -110.3838
50.799999, 91.348, -110.7099
51.500000, 91.805, -111.4378
52.200001, 92.226, -112.6172
53.000000, 92.630, -114.3849
53.799999, 92.953, -116.3022
54.500000, 93.192, -118.0518
55.200001, 93.380, -119.9070
56.000000, 93.508, -121.9711
57.000000, 93.556, -123.9916
58.000000, 93.535, -124.9529
59.000000, 93.561, -124.4630
60.000000, 93.820, -122.9726
60.799999, 94.234, -122.0216
61.500000, 94.697, -121.9090
62.200001, 95.193, -122.6077
63.000000, 95.741, -124.3245
64.000000, 96.329, -127.5202
65.000000, 96.774, -131.4054
66.000000, 97.076, -135.5378
67.000000, 97.255, -139.6451
68.000000, 97.336, -143.5658
69.000000, 97.346, -147.2087
70.000000, 97.307, -150.5697
71.000000, 97.236, -153.6589
72.000000, 97.147, -156.4734
73.000000, 97.052, -159.0486
74.000000, 96.953, -161.4131
75.000000, 96.856, -163.6083
76.199997, 96.733, -166.0892
77.500000, 96.583, -168.5887
78.800003, 96.410, -170.8880
80.000000, 96.240, -172.8327
81.199997, 96.062, -174.6701
82.500000, 95.861, -176.5143
83.800003, 95.661, -178.2169
85.000000, 95.477, -179.6870
86.199997, 95.291, 178.9293
87.500000, 95.082, 177.5475
88.500000, 94.917, 176.5723
90.000000, 94.658, 175.2383
91.199997, 94.440, 174.3328
92.500000, 94.199, 173.5536
93.800003, 93.958, 172.9943
95.000000, 93.742, 172.6974
96.199997, 93.542, 172.5972
97.500000, 93.348, 172.7014
98.800003, 93.192, 173.0461
100.000000, 93.097, 173.4987
101.500000, 93.051, 174.0515
103.000000, 93.078, 174.3729
104.400002, 93.149, 174.2277
106.000000, 93.232, 173.4012
107.500000, 93.274, 172.1786
109.000000, 93.268, 170.7525
110.599998, 93.216, 169.1981
112.000000, 93.132, 167.8666
113.800003, 92.984, 166.2879
115.000000, 92.867, 165.2556
117.199997, 92.612, 163.4973
118.000000, 92.512, 162.9184
120.599998, 92.178, 161.3087
122.000000, 91.998, 160.5574
124.099998, 91.721, 159.5503
125.000000, 91.600, 159.1730
126.500000, 91.400, 158.6086
128.000000, 91.198, 158.1127
131.500000, 90.737, 157.2226
132.000000, 90.672, 157.0989
134.000000, 90.414, 156.6552
136.000000, 90.163, 156.3910
138.000000, 89.921, 156.3061
140.000000, 89.671, 156.2797
143.000000, 89.260, 156.3375
145.000000, 88.991, 156.4014
147.500000, 88.668, 156.5831
150.000000, 88.348, 156.9362
152.500000, 88.022, 157.5117
155.000000, 87.707, 158.2379
157.500000, 87.417, 159.0203
160.000000, 87.137, 159.9197
162.500000, 86.864, 161.0262
165.000000, 86.607, 162.2103
167.500000, 86.370, 163.4097
170.000000, 86.148, 164.6058
172.500000, 85.925, 165.8944
175.000000, 85.706, 167.3397
177.500000, 85.510, 168.8788
180.000000, 85.337, 170.4713
182.500000, 85.191, 172.1309
185.000000, 85.059, 173.7420
187.500000, 84.931, 175.3455
190.000000, 84.820, 176.9498
192.500000, 84.724, 178.4941
195.000000, 84.638, -179.9286
197.500000, 84.555, -178.3160
200.000000, 84.478, -176.6115
203.000000, 84.411, -174.5734
206.000000, 84.368, -172.4696
209.000000, 84.347, -170.3889
212.000000, 84.343, -168.5309
214.000000, 84.348, -167.3791
218.000000, 84.373, -164.9428
220.000000, 84.391, -163.7109
224.000000, 84.437, -161.2852
227.000000, 84.494, -159.4502
230.000000, 84.570, -157.6609
233.000000, 84.656, -155.9533
236.000000, 84.754, -154.3381
240.000000, 84.898, -152.4322
243.000000, 85.011, -151.0720
247.000000, 85.169, -149.2319
250.000000, 85.293, -147.8757
254.000000, 85.468, -146.2067
258.000000, 85.648, -144.7638
262.000000, 85.816, -143.4201
265.000000, 85.938, -142.3562
269.000000, 86.122, -140.8861
272.000000, 86.283, -139.8664
276.000000, 86.495, -138.7185
280.000000, 86.681, -137.7060
285.000000, 86.922, -136.4433
290.000000, 87.177, -135.2103
295.000000, 87.434, -134.0574
300.000000, 87.699, -132.9270
304.000000, 87.929, -132.0937
307.000000, 88.110, -131.5447
311.000000, 88.354, -130.9519
315.000000, 88.597, -130.5150
320.000000, 88.890, -130.2308
325.000000, 89.153, -130.1623
330.000000, 89.393, -130.1586
335.000000, 89.609, -130.1245
340.000000, 89.815, -130.0756
345.000000, 90.015, -130.0966
350.000000, 90.198, -130.1750
355.000000, 90.369, -130.2656
360.000000, 90.526, -130.3967
365.000000, 90.662, -130.5306
370.000000, 90.790, -130.5596
375.000000, 90.919, -130.4854
382.000000, 91.111, -130.3377
387.000000, 91.254, -130.2926
395.000000, 91.462, -130.4055
400.000000, 91.574, -130.4629
406.000000, 91.696, -130.5074
412.000000, 91.792, -130.5219
418.000000, 91.865, -130.3065
425.000000, 91.956, -129.6277
431.000000, 92.075, -128.6952
437.000000, 92.261, -127.6122
444.000000, 92.565, -126.5074
450.000000, 92.878, -125.9187
455.000000, 93.150, -125.7613
462.000000, 93.516, -125.9767
468.000000, 93.804, -126.3846
475.000000, 94.115, -126.9877
482.000000, 94.408, -127.6874
487.000000, 94.610, -128.2327
494.000000, 94.887, -129.1099
500.000000, 95.112, -130.0062
508.000000, 95.387, -131.2929
515.000000, 95.613, -132.5050
522.000000, 95.818, -133.8180
530.000000, 96.022, -135.3505
538.000000, 96.201, -136.9306
545.000000, 96.340, -138.3430
552.000000, 96.458, -139.7659
560.000000, 96.570, -141.3945
570.000000, 96.675, -143.3452
580.000000, 96.747, -145.1767
590.000000, 96.804, -146.8316
600.000000, 96.853, -148.3520
608.000000, 96.897, -149.4764
615.000000, 96.942, -150.4368
622.000000, 96.994, -151.4365
630.000000, 97.059, -152.6699
640.000000, 97.137, -154.3885
650.000000, 97.196, -156.2619
660.000000, 97.240, -158.2688
670.000000, 97.272, -160.4800
680.000000, 97.275, -163.0386
690.000000, 97.220, -165.9443
700.000000, 97.081, -169.1003
710.000000, 96.830, -172.4567
720.000000, 96.437, -175.7908
730.000000, 95.879, -178.8268
740.000000, 95.136, 178.7814
750.000000, 94.191, 177.6944
762.000000, 92.855, 179.7633
775.000000, 91.631, -171.7679
788.000000, 91.454, -159.5124
800.000000, 92.239, -151.1625
812.000000, 93.319, -147.9766
825.000000, 94.298, -148.7136
838.000000, 94.955, -151.2348
850.000000, 95.333, -154.0381
862.000000, 95.529, -156.9671
875.000000, 95.550, -160.0067
885.000000, 95.440, -161.9683
900.000000, 95.180, -163.6229
912.000000, 95.025, -163.9697
925.000000, 94.970, -164.2852
938.000000, 94.973, -165.1929
950.000000, 94.927, -166.6062
962.000000, 94.782, -168.2334
975.000000, 94.518, -169.7607
988.000000, 94.159, -170.7755
1000.000000, 93.763, -171.0168
1015.000000, 93.276, -169.8420
1030.000000, 92.954, -167.2958
1044.000000, 92.898, -164.7631
1060.000000, 93.043, -163.0103
1075.000000, 93.195, -162.8310
1090.000000, 93.271, -163.4173
1106.000000, 93.247, -164.3365
1120.000000, 93.142, -165.1281
1138.000000, 92.934, -165.7231
1150.000000, 92.766, -165.8761
1172.000000, 92.443, -165.5927
1180.000000, 92.331, -165.2901
1206.000000, 92.028, -164.1104
1220.000000, 91.873, -163.5462
1241.000000, 91.589, -162.2530
1250.000000, 91.487, -161.3056
1265.000000, 91.406, -159.5207
1280.000000, 91.422, -158.1644
1315.000000, 91.426, -157.1042
1320.000000, 91.402, -157.0392
1340.000000, 91.257, -156.6172
1360.000000, 91.042, -155.8777
1380.000000, 90.808, -154.6508
1400.000000, 90.660, -153.0061
1430.000000, 90.543, -151.3361
1450.000000, 90.438, -151.0347
1475.000000, 89.986, -151.7312
1500.000000, 89.013, -148.6326
1525.000000, 88.546, -139.2405
1550.000000, 88.945, -131.8764
1575.000000, 89.458, -128.6046
1600.000000, 89.697, -127.1158
1625.000000, 89.738, -124.4672
1650.000000, 89.914, -121.0242
1675.000000, 90.151, -118.2559
1700.000000, 90.348, -115.5253
1725.000000, 90.591, -112.4209
1750.000000, 90.925, -109.4083
1775.000000, 91.322, -106.7897
1800.000000, 91.746, -104.6659
1825.000000, 92.185, -102.8592
1850.000000, 92.637, -101.4675
1875.000000, 93.073, -100.5571
1900.000000, 93.473, -99.8430
1925.000000, 93.851, -99.2214
1950.000000, 94.227, -98.6320
1975.000000, 94.618, -98.1578
2000.000000, 95.018, -97.9921
2030.000000, 95.469, -98.2195
2060.000000, 95.870, -98.6466
2090.000000, 96.241, -99.0894
2120.000000, 96.625, -99.5225
2140.000000, 96.905, -99.9077
2180.000000, 97.527, -101.6208
2200.000000, 97.814, -103.3535
2240.000000, 98.014, -108.3455
2270.000000, 97.735, -110.8224
2300.000000, 97.473, -110.3791
2330.000000, 97.519, -109.2806
2360.000000, 97.687, -109.3002
2400.000000, 97.817, -109.9405
2430.000000, 97.903, -110.0905
2470.000000, 98.072, -110.5160
2500.000000, 98.190, -111.0856
2540.000000, 98.331, -112.0731
2580.000000, 98.412, -113.5216
2620.000000, 98.373, -114.8835
2650.000000, 98.288, -115.6105
2690.000000, 98.126, -116.0376
2720.000000, 97.985, -115.6853
2760.000000, 97.906, -114.1774
2800.000000, 98.050, -112.7548
2850.000000, 98.321, -112.0916
2900.000000, 98.671, -112.1201
2950.000000, 99.061, -113.5013
3000.000000, 99.348, -116.4244
3040.000000, 99.416, -119.5871
3070.000000, 99.322, -122.1637
3110.000000, 98.984, -125.0999
3150.000000, 98.525, -126.5069
3200.000000, 98.039, -126.8896
3250.000000, 97.607, -127.1684
3300.000000, 97.100, -126.9091
3350.000000, 96.588, -125.3896
3400.000000, 96.203, -122.8981
3450.000000, 95.969, -120.0939
3500.000000, 95.873, -117.2821
3550.000000, 95.904, -114.8012
3600.000000, 96.017, -113.0157
3650.000000, 96.145, -112.1581
3700.000000, 96.200, -112.0022
3750.000000, 96.148, -112.0681
3820.000000, 95.950, -111.8506
3870.000000, 95.752, -111.4390
3950.000000, 95.311, -110.4435
4000.000000, 94.937, -109.0996
4060.000000, 94.479, -106.1722
4120.000000, 94.126, -102.1336
4180.000000, 93.904, -97.4731
4250.000000, 93.812, -91.4043
4310.000000, 93.940, -85.8457
4370.000000, 94.270, -80.7047
4440.000000, 94.831, -76.0372
4500.000000, 95.351, -73.3623
4550.000000, 95.750, -71.8222
4620.000000, 96.238, -70.1452
4680.000000, 96.614, -68.8696
4750.000000, 97.033, -67.3696
4820.000000, 97.479, -65.8889
4870.000000, 97.828, -64.9787
4940.000000, 98.347, -64.0894
5000.000000, 98.801, -63.7843
5080.000000, 99.381, -63.8908
5150.000000, 99.873, -64.2602
5220.000000, 100.381, -64.9590
5300.000000, 100.959, -66.3701
5380.000000, 101.518, -68.3305
5450.000000, 102.017, -70.4909
5520.000000, 102.532, -73.3292
5600.000000, 103.097, -77.8508
5700.000000, 103.600, -85.5873
5800.000000, 103.695, -94.9056
5900.000000, 103.310, -104.5884
6000.000000, 102.455, -113.4036
6080.000000, 101.499, -119.1606
6150.000000, 100.528, -123.0325
6220.000000, 99.479, -125.7836
6300.000000, 98.233, -127.6307
6400.000000, 96.675, -128.3283
6500.000000, 95.128, -127.7974
6600.000000, 93.519, -126.2309
6700.000000, 91.783, -122.9357
6800.000000, 89.963, -116.9208
6900.000000, 88.211, -107.4058
7000.000000, 86.784, -93.7082
7100.000000, 86.041, -76.7782
7200.000000, 86.145, -60.0180
7300.000000, 86.828, -46.3248
7400.000000, 87.727, -35.7637
7500.000000, 88.706, -26.9276
7620.000000, 90.082, -17.8357
7750.000000, 91.794, -11.0185
7880.000000, 93.384, -7.9152
8000.000000, 94.617, -7.2349
8120.000000, 95.677, -7.5071
8250.000000, 96.750, -8.5243
8380.000000, 97.824, -10.9298
8500.000000, 98.747, -15.2806
8620.000000, 99.369, -22.2187
8750.000000, 99.350, -31.1133
8850.000000, 98.827, -36.7382
9000.000000, 97.682, -40.7641
9120.000000, 96.927, -40.9623
9250.000000, 96.445, -41.1176
9380.000000, 96.010, -43.4045
9500.000000, 95.239, -46.7424
9620.000000, 93.938, -48.6681
9750.000000, 92.128, -46.2516
9880.000000, 90.382, -38.0909
10000.000000, 89.213, -26.3412
10150.000000, 88.751, -8.0652
10300.000000, 89.763, 10.1809
10440.000000, 91.751, 20.4184
10600.000000, 93.994, 21.0588
10750.000000, 95.298, 15.2658
10900.000000, 95.745, 7.8951
11060.000000, 95.513, 1.4500
11200.000000, 94.999, -1.9294
11380.000000, 94.200, -3.7459
11500.000000, 93.624, -3.2861
11720.000000, 92.956, 1.2143
11800.000000, 92.951, 2.8943
12060.000000, 93.370, 4.3749
12200.000000, 93.659, 2.8856
12410.000000, 94.227, -2.4633
12500.000000, 94.538, -6.5577
12650.000000, 95.059, -16.8779
12800.000000, 95.400, -32.4105
13150.000000, 94.282, -90.3260
13200.000000, 93.850, -100.8426
13400.000000, 91.629, -145.2461
13600.000000, 89.539, 176.4355
13800.000000, 88.540, 152.5043
14000.000000, 88.553, 140.5237
14300.000000, 90.076, 133.6474
14500.000000, 91.759, 127.5536
14750.000000, 93.281, 112.9603
15000.000000, 93.240, 94.2725
15250.000000, 91.199, 78.5727
15500.000000, 87.510, 78.7745
15750.000000, 85.098, 97.2412
16000.000000, 85.089, 110.3724
16250.000000, 85.048, 116.7121
16500.000000, 84.882, 127.3970
16750.000000, 86.380, 140.9280
17000.000000, 88.866, 141.1104
17250.000000, 89.889, 127.9775
17500.000000, 88.733, 113.3921
17750.000000, 85.832, 107.3661
18000.000000, 82.412, 115.0708
18250.000000, 79.870, 131.8066
18500.000000, 78.696, 153.7000
18750.000000, 79.279, 174.5741
19000.000000, 80.491, -175.2378
19250.000000, 80.980, -170.8668
19500.000000, 81.019, -164.6732
19750.000000, 81.454, -157.8524
20000.000000, 81.912, -155.8841
20300.000000, 81.439, -156.9451
20600.000000, 80.038, -154.6891
20900.000000, 78.407, -146.6832
21200.000000, 77.431, -133.5420
21400.000000, 77.432, -126.4484
21800.000000, 76.818, -121.4152
22000.000000, 75.504, -117.3326
22400.000000, 72.795, -94.5598
22700.000000, 72.107, -74.8549
23000.000000, 71.277, -56.8389
23300.000000, 70.562, -33.1743
23600.000000, 69.340, -30.5640
24000.000000, 66.745, -53.8258
