* Measurement data measured by REW V5.31.3
* Source: Analog 1/2 (E2x2), LINE_IN (Master Volume), L, volume: 1.000. Timing signal peak level -28.0 dBFS, measurement signal peak level -28.0 dBFS
* Format: 2M Log Swept Sine, 1 sweep at -21.6 dBFS using an acoustic timing reference
* Dated: Mar 10, 2025 9:07:06 AM
* REW Settings:
*  C-weighting compensation: Off
*  Target level: 85.0 dB
* Note: ; E2x2 Delay -0.3036 ms (-104 mm, -4.1 in) using estimated IR delay relative to Acoustic reference played from LINE_OUT R with no timing offset
* Measurement: R2
* Smoothing: 1/24 octave
* Frequency Step: 1/48 octave
* Start Frequency: 1.000 Hz
*
* Freq(Hz), SPL(dB), Phase(degrees)
1.000000, 45.082, -109.2693
1.015000, 44.710, -108.0109
1.030000, 44.331, -106.7286
1.044000, 43.973, -105.5073
1.060000, 43.558, -104.0789
1.075000, 43.164, -102.7042
1.090000, 42.764, -101.2934
1.106000, 42.321, -99.7617
1.120000, 41.904, -98.4266
1.138000, 41.315, -96.7343
1.150000, 40.893, -95.6194
1.172000, 40.066, -93.7046
1.180000, 39.751, -93.1261
1.206000, 38.687, -91.2276
1.220000, 38.096, -90.1889
1.241000, 37.196, -88.5885
1.250000, 36.808, -87.8808
1.265000, 36.165, -86.6622
1.280000, 35.528, -85.3816
1.315000, 34.100, -82.0502
1.320000, 33.906, -81.5228
1.340000, 33.159, -79.2397
1.360000, 32.472, -76.6064
1.380000, 31.857, -73.6777
1.400000, 31.328, -70.1949
1.430000, 30.723, -63.3364
1.450000, 30.465, -57.2565
1.475000, 30.320, -47.4017
1.500000, 30.370, -34.5504
1.525000, 30.594, -18.5632
1.550000, 30.969, -0.6989
1.575000, 31.473, 16.2820
1.600000, 32.085, 30.2151
1.625000, 32.782, 40.8634
1.650000, 33.543, 48.8018
1.675000, 34.345, 54.7488
1.700000, 35.167, 59.2723
1.725000, 35.987, 62.7679
1.750000, 36.784, 65.5044
1.775000, 37.536, 67.6013
1.800000, 38.225, 69.1262
1.825000, 38.838, 70.3093
1.850000, 39.398, 71.2773
1.875000, 39.942, 72.1509
1.900000, 40.482, 72.9668
1.925000, 41.019, 73.7294
1.950000, 41.550, 74.4406
1.975000, 42.075, 75.0396
2.000000, 42.592, 75.4686
2.030000, 43.197, 75.9188
2.060000, 43.783, 76.2905
2.090000, 44.348, 76.5820
2.120000, 44.888, 76.7909
2.140000, 45.233, 76.8826
2.180000, 45.880, 76.8872
2.200000, 46.182, 76.7751
2.240000, 46.742, 76.4739
2.270000, 47.126, 76.2095
2.300000, 47.482, 75.9287
2.330000, 47.813, 75.6405
2.360000, 48.122, 75.3492
2.400000, 48.506, 74.8218
2.430000, 48.776, 74.4078
2.470000, 49.118, 73.8549
2.500000, 49.365, 73.4352
2.540000, 49.686, 72.8589
2.580000, 49.998, 72.1925
2.620000, 50.293, 71.3568
2.650000, 50.500, 70.6894
2.690000, 50.758, 69.7687
2.720000, 50.938, 69.0710
2.760000, 51.163, 68.1539
2.800000, 51.372, 67.1599
2.850000, 51.613, 65.9550
2.900000, 51.835, 64.8164
2.950000, 52.038, 63.7030
3.000000, 52.220, 62.4314
3.040000, 52.348, 61.3231
3.070000, 52.434, 60.4739
3.110000, 52.538, 59.3412
3.150000, 52.628, 58.2317
3.200000, 52.724, 56.8484
3.250000, 52.802, 55.5456
3.300000, 52.864, 54.3570
3.350000, 52.906, 53.1958
3.400000, 52.927, 51.9259
3.450000, 52.930, 50.6102
3.500000, 52.916, 49.3251
3.550000, 52.886, 48.1257
3.600000, 52.843, 47.0139
3.650000, 52.788, 46.0610
3.700000, 52.715, 45.2656
3.750000, 52.621, 44.5563
3.820000, 52.461, 43.6162
3.870000, 52.335, 43.0501
3.950000, 52.137, 42.4591
4.000000, 52.024, 42.3176
4.060000, 51.897, 42.4598
4.120000, 51.762, 42.9641
4.180000, 51.627, 43.7753
4.250000, 51.494, 44.9967
4.310000, 51.430, 46.2626
4.370000, 51.433, 47.6670
4.440000, 51.535, 49.4760
4.500000, 51.697, 51.2739
4.550000, 51.876, 52.8649
4.620000, 52.184, 54.9733
4.680000, 52.494, 56.5157
4.750000, 52.900, 57.8682
4.820000, 53.369, 58.7854
4.870000, 53.746, 59.2865
4.940000, 54.317, 59.7626
5.000000, 54.824, 59.8815
5.080000, 55.490, 59.5621
5.150000, 56.047, 58.8481
5.220000, 56.589, 57.8043
5.300000, 57.199, 56.3690
5.380000, 57.788, 54.7528
5.450000, 58.276, 53.1822
5.520000, 58.732, 51.4755
5.600000, 59.219, 49.3314
5.700000, 59.780, 46.4982
5.800000, 60.289, 43.7028
5.900000, 60.745, 40.9672
6.000000, 61.146, 38.1823
6.080000, 61.431, 35.9730
6.150000, 61.659, 34.1625
6.220000, 61.866, 32.4872
6.300000, 62.077, 30.7114
6.400000, 62.303, 28.6219
6.500000, 62.501, 26.7614
6.600000, 62.683, 25.2758
6.700000, 62.848, 24.1513
6.800000, 63.000, 23.3276
6.900000, 63.165, 22.7875
7.000000, 63.358, 22.5746
7.100000, 63.577, 22.6791
7.200000, 63.825, 22.9857
7.300000, 64.115, 23.3406
7.400000, 64.456, 23.7229
7.500000, 64.843, 24.1210
7.620000, 65.346, 24.4336
7.750000, 65.922, 24.3800
7.880000, 66.527, 23.9828
8.000000, 67.083, 23.3071
8.120000, 67.613, 22.2794
8.250000, 68.157, 20.8477
8.380000, 68.657, 19.2123
8.500000, 69.068, 17.5417
8.620000, 69.430, 15.7421
8.750000, 69.769, 13.7886
8.850000, 69.989, 12.3264
9.000000, 70.256, 10.1863
9.120000, 70.424, 8.6271
9.250000, 70.564, 7.1716
9.380000, 70.666, 5.9437
9.500000, 70.741, 5.0609
9.620000, 70.807, 4.4688
9.750000, 70.871, 4.1223
9.880000, 70.942, 4.0471
10.000000, 71.020, 4.2180
10.150000, 71.143, 4.6443
10.300000, 71.310, 5.1777
10.440000, 71.512, 5.7065
10.600000, 71.788, 6.1965
10.750000, 72.085, 6.4330
10.900000, 72.407, 6.4393
11.060000, 72.753, 6.1269
11.200000, 73.051, 5.5908
11.380000, 73.412, 4.6456
11.500000, 73.634, 3.8774
11.720000, 73.998, 2.2947
11.800000, 74.117, 1.6885
12.060000, 74.459, -0.3296
12.200000, 74.619, -1.4047
12.410000, 74.832, -2.9303
12.500000, 74.916, -3.5378
12.650000, 75.049, -4.4863
12.800000, 75.177, -5.3560
13.150000, 75.476, -7.1266
13.200000, 75.520, -7.3588
13.400000, 75.704, -8.2364
13.600000, 75.899, -9.0598
13.800000, 76.105, -9.8528
14.000000, 76.317, -10.6359
14.300000, 76.644, -11.8394
14.500000, 76.864, -12.6328
14.750000, 77.141, -13.5964
15.000000, 77.424, -14.5175
15.250000, 77.718, -15.4181
15.500000, 78.024, -16.2902
15.750000, 78.342, -17.1665
16.000000, 78.670, -18.0923
16.250000, 79.003, -19.1290
16.500000, 79.331, -20.2692
16.750000, 79.648, -21.5068
17.000000, 79.949, -22.8143
17.250000, 80.230, -24.1737
17.500000, 80.491, -25.5412
17.750000, 80.736, -26.9054
18.000000, 80.966, -28.2790
18.250000, 81.181, -29.6947
18.500000, 81.376, -31.1554
18.750000, 81.544, -32.6491
19.000000, 81.679, -34.1391
19.250000, 81.777, -35.5691
19.500000, 81.841, -36.8461
19.750000, 81.882, -37.9066
20.000000, 81.915, -38.7226
20.299999, 81.967, -39.4402
20.600000, 82.049, -39.9834
20.900000, 82.157, -40.4986
21.200001, 82.272, -41.0614
21.400000, 82.343, -41.4329
21.799999, 82.474, -41.9743
22.000000, 82.547, -42.0748
22.400000, 82.768, -41.9956
22.700001, 83.033, -41.9826
23.000000, 83.374, -42.3987
23.299999, 83.738, -43.4861
23.600000, 84.058, -45.2190
24.000000, 84.326, -48.0365
24.299999, 84.391, -49.9837
24.700001, 84.362, -51.5731
25.000000, 84.352, -51.7789
25.400000, 84.504, -51.1569
25.799999, 84.890, -50.6257
26.200001, 85.390, -51.1509
26.500000, 85.738, -52.2780
26.900000, 86.090, -54.2790
27.200001, 86.268, -55.7728
27.600000, 86.442, -57.3863
28.000000, 86.610, -58.5243
28.500000, 86.869, -59.6523
29.000000, 87.162, -60.8519
29.500000, 87.456, -62.2038
30.000000, 87.753, -63.6782
30.400000, 87.996, -65.0240
30.700001, 88.173, -66.1640
31.100000, 88.390, -67.8309
31.500000, 88.578, -69.5735
32.000000, 88.794, -71.7288
32.500000, 89.016, -73.9164
33.000000, 89.245, -76.3183
33.500000, 89.452, -79.0211
34.000000, 89.615, -81.9355
34.500000, 89.734, -84.9687
35.000000, 89.804, -88.1012
35.500000, 89.809, -91.3083
36.000000, 89.729, -94.4455
36.500000, 89.567, -97.3130
37.000000, 89.346, -99.7888
37.500000, 89.082, -101.8763
38.200001, 88.643, -104.1361
38.700001, 88.281, -105.1281
39.500000, 87.694, -105.3931
40.000000, 87.371, -104.8581
40.599998, 87.038, -103.7169
41.200001, 86.768, -102.0386
41.799999, 86.597, -99.8571
42.500000, 86.561, -97.1166
43.099998, 86.643, -95.0221
43.700001, 86.779, -93.2259
44.400002, 86.982, -91.3432
45.000000, 87.200, -89.8802
45.500000, 87.409, -88.8065
46.200001, 87.736, -87.5618
46.799999, 88.044, -86.7787
47.500000, 88.417, -86.2757
48.200001, 88.776, -86.1642
48.700001, 89.020, -86.2272
49.400002, 89.355, -86.4433
50.000000, 89.643, -86.7762
50.799999, 90.016, -87.4709
51.500000, 90.325, -88.2433
52.200001, 90.620, -89.0813
53.000000, 90.953, -90.0837
53.799999, 91.286, -91.1806
54.500000, 91.571, -92.2686
55.200001, 91.842, -93.4594
56.000000, 92.132, -94.8806
57.000000, 92.477, -96.7321
58.000000, 92.802, -98.7239
59.000000, 93.100, -100.8821
60.000000, 93.361, -103.1543
60.799999, 93.545, -104.9512
61.500000, 93.699, -106.4726
62.200001, 93.851, -107.9795
63.000000, 94.022, -109.7316
64.000000, 94.219, -111.9749
65.000000, 94.395, -114.2379
66.000000, 94.550, -116.5408
67.000000, 94.676, -118.9107
68.000000, 94.762, -121.3018
69.000000, 94.811, -123.5732
70.000000, 94.849, -125.6582
71.000000, 94.887, -127.6647
72.000000, 94.918, -129.5568
73.000000, 94.961, -131.2946
74.000000, 95.027, -133.0510
75.000000, 95.094, -134.9327
76.199997, 95.156, -137.3546
77.500000, 95.178, -140.1410
78.800003, 95.138, -142.9700
80.000000, 95.046, -145.4948
81.199997, 94.908, -147.8293
82.500000, 94.721, -150.0243
83.800003, 94.517, -151.8175
85.000000, 94.334, -153.0935
86.199997, 94.177, -154.0356
87.500000, 94.065, -154.8445
88.500000, 94.021, -155.5374
90.000000, 93.982, -156.9049
91.199997, 93.943, -158.2734
92.500000, 93.867, -159.9594
93.800003, 93.743, -161.7312
95.000000, 93.576, -163.3155
96.199997, 93.365, -164.6940
97.500000, 93.103, -165.8514
98.800003, 92.828, -166.5745
100.000000, 92.582, -166.8444
101.500000, 92.321, -166.6893
103.000000, 92.135, -166.2715
104.400002, 92.026, -165.8342
106.000000, 91.979, -165.3903
107.500000, 92.006, -165.2054
109.000000, 92.087, -165.4131
110.599998, 92.184, -166.2748
112.000000, 92.231, -167.5201
113.800003, 92.215, -169.5356
115.000000, 92.153, -171.0085
117.199997, 91.949, -173.5775
118.000000, 91.855, -174.4225
120.599998, 91.484, -176.7649
122.000000, 91.260, -177.7155
124.099998, 90.912, -178.9785
125.000000, 90.757, -179.4112
126.500000, 90.509, -179.9571
128.000000, 90.277, 179.5956
131.500000, 89.719, 178.8695
132.000000, 89.636, 178.8007
134.000000, 89.301, 178.6143
136.000000, 88.977, 178.5795
138.000000, 88.663, 178.6718
140.000000, 88.344, 178.9524
143.000000, 87.855, 179.8514
145.000000, 87.557, -179.3637
147.500000, 87.202, -178.3227
150.000000, 86.869, -177.0164
152.500000, 86.566, -175.5772
155.000000, 86.289, -174.1149
157.500000, 86.026, -172.6457
160.000000, 85.795, -171.0277
162.500000, 85.594, -169.3431
165.000000, 85.393, -167.6803
167.500000, 85.187, -165.9686
170.000000, 84.995, -164.2268
172.500000, 84.819, -162.4272
175.000000, 84.644, -160.5994
177.500000, 84.461, -158.7726
180.000000, 84.290, -156.8400
182.500000, 84.145, -154.7198
185.000000, 84.024, -152.4126
187.500000, 83.927, -149.9836
190.000000, 83.861, -147.5360
192.500000, 83.820, -145.0742
195.000000, 83.804, -142.5881
197.500000, 83.822, -140.1083
200.000000, 83.883, -137.7188
203.000000, 84.000, -135.0285
206.000000, 84.152, -132.6224
209.000000, 84.307, -130.4854
212.000000, 84.457, -128.4919
214.000000, 84.549, -127.2006
218.000000, 84.739, -124.5826
220.000000, 84.842, -123.3127
224.000000, 85.064, -120.8645
227.000000, 85.243, -119.1962
230.000000, 85.434, -117.6079
233.000000, 85.638, -116.1187
236.000000, 85.851, -114.7259
240.000000, 86.129, -113.1196
243.000000, 86.320, -112.0618
247.000000, 86.562, -110.7288
250.000000, 86.737, -109.7540
254.000000, 86.965, -108.4496
258.000000, 87.206, -107.1028
262.000000, 87.462, -105.7650
265.000000, 87.672, -104.6978
269.000000, 87.999, -103.3318
272.000000, 88.273, -102.5691
276.000000, 88.652, -101.9742
280.000000, 89.021, -101.8665
285.000000, 89.423, -102.3314
290.000000, 89.736, -103.1686
295.000000, 89.958, -104.1187
300.000000, 90.093, -104.9977
304.000000, 90.159, -105.5850
307.000000, 90.188, -105.9272
311.000000, 90.203, -106.2208
315.000000, 90.197, -106.2836
320.000000, 90.178, -106.0987
325.000000, 90.140, -105.6694
330.000000, 90.088, -104.8889
335.000000, 90.042, -103.6492
340.000000, 90.019, -101.9342
345.000000, 90.060, -99.8076
350.000000, 90.199, -97.4880
355.000000, 90.435, -95.3307
360.000000, 90.742, -93.5308
365.000000, 91.090, -92.1794
370.000000, 91.454, -91.3117
375.000000, 91.815, -90.8839
382.000000, 92.276, -90.9721
387.000000, 92.547, -91.3764
395.000000, 92.867, -92.1222
400.000000, 93.023, -92.4062
406.000000, 93.204, -92.6039
412.000000, 93.380, -92.8312
418.000000, 93.537, -93.0555
425.000000, 93.699, -93.2390
431.000000, 93.830, -93.3151
437.000000, 93.954, -93.3325
444.000000, 94.094, -93.2419
450.000000, 94.223, -93.0229
455.000000, 94.347, -92.7461
462.000000, 94.553, -92.3782
468.000000, 94.755, -92.1706
475.000000, 95.017, -92.0954
482.000000, 95.301, -92.3529
487.000000, 95.505, -92.7489
494.000000, 95.785, -93.5486
500.000000, 96.020, -94.4999
508.000000, 96.310, -96.2521
515.000000, 96.514, -98.2807
522.000000, 96.638, -100.7477
530.000000, 96.635, -103.9091
538.000000, 96.436, -107.0234
545.000000, 96.096, -109.1680
552.000000, 95.638, -110.1931
560.000000, 95.089, -109.5800
570.000000, 94.609, -106.5704
580.000000, 94.501, -102.9354
590.000000, 94.646, -100.3871
600.000000, 94.849, -99.1244
608.000000, 94.985, -98.7271
615.000000, 95.071, -98.6605
622.000000, 95.121, -98.7837
630.000000, 95.133, -99.0890
640.000000, 95.075, -99.5069
650.000000, 94.941, -99.6348
660.000000, 94.756, -99.1594
670.000000, 94.584, -97.8849
680.000000, 94.503, -96.0078
690.000000, 94.549, -94.0128
700.000000, 94.709, -92.3988
710.000000, 94.924, -91.5122
720.000000, 95.129, -91.3188
730.000000, 95.283, -91.6223
740.000000, 95.368, -92.2159
750.000000, 95.382, -92.8946
762.000000, 95.306, -93.6146
775.000000, 95.119, -94.0289
788.000000, 94.853, -93.6232
800.000000, 94.619, -92.3101
812.000000, 94.486, -90.3698
825.000000, 94.474, -88.2805
838.000000, 94.552, -86.6277
850.000000, 94.648, -85.5570
862.000000, 94.733, -84.8198
875.000000, 94.814, -84.2694
885.000000, 94.866, -84.0201
900.000000, 94.909, -83.9071
912.000000, 94.906, -83.9242
925.000000, 94.869, -83.9656
938.000000, 94.800, -83.9976
950.000000, 94.715, -84.0027
962.000000, 94.605, -84.0026
975.000000, 94.449, -83.9777
988.000000, 94.257, -83.7903
1000.000000, 94.063, -83.4014
1015.000000, 93.823, -82.6967
1030.000000, 93.589, -81.9829
1044.000000, 93.345, -81.4190
1060.000000, 92.994, -80.6733
1075.000000, 92.592, -79.4702
1090.000000, 92.169, -77.4190
1106.000000, 91.790, -74.1722
1120.000000, 91.595, -70.8091
1138.000000, 91.538, -66.7710
1150.000000, 91.572, -64.6227
1172.000000, 91.645, -61.8682
1180.000000, 91.652, -61.1417
1206.000000, 91.568, -59.1980
1220.000000, 91.457, -58.2125
1241.000000, 91.215, -56.5618
1250.000000, 91.089, -55.7180
1265.000000, 90.860, -54.0673
1280.000000, 90.623, -52.0848
1315.000000, 90.163, -46.3925
1320.000000, 90.114, -45.5592
1340.000000, 89.935, -42.4359
1360.000000, 89.714, -39.6152
1380.000000, 89.429, -36.7863
1400.000000, 89.099, -33.5778
1430.000000, 88.584, -27.5065
1450.000000, 88.301, -22.5745
1475.000000, 88.090, -15.8879
1500.000000, 88.037, -9.2398
1525.000000, 88.091, -3.0004
1550.000000, 88.199, 2.6959
1575.000000, 88.312, 7.9453
1600.000000, 88.421, 12.8810
1625.000000, 88.486, 17.5310
1650.000000, 88.484, 22.3866
1675.000000, 88.467, 27.9969
1700.000000, 88.543, 34.2531
1725.000000, 88.734, 40.5464
1750.000000, 89.002, 46.6562
1775.000000, 89.335, 52.6712
1800.000000, 89.754, 58.6304
1825.000000, 90.283, 64.2693
1850.000000, 90.911, 69.1857
1875.000000, 91.579, 73.0857
1900.000000, 92.217, 76.0478
1925.000000, 92.788, 78.3681
1950.000000, 93.290, 80.3380
1975.000000, 93.730, 82.0607
2000.000000, 94.110, 83.6625
2030.000000, 94.505, 85.6143
2060.000000, 94.866, 87.5981
2090.000000, 95.204, 89.4871
2120.000000, 95.507, 91.2529
2140.000000, 95.686, 92.3765
2180.000000, 95.987, 94.5728
2200.000000, 96.103, 95.6927
2240.000000, 96.281, 98.1693
2270.000000, 96.391, 100.3163
2300.000000, 96.508, 102.6668
2330.000000, 96.641, 105.0711
2360.000000, 96.784, 107.4672
2400.000000, 96.981, 110.5842
2430.000000, 97.120, 112.8367
2470.000000, 97.281, 115.8924
2500.000000, 97.405, 118.3093
2540.000000, 97.616, 121.5871
2580.000000, 97.876, 124.4901
2620.000000, 98.115, 126.7867
2650.000000, 98.253, 128.3348
2690.000000, 98.401, 130.3298
2720.000000, 98.497, 131.7441
2760.000000, 98.611, 133.4413
2800.000000, 98.690, 134.6567
2850.000000, 98.597, 135.5851
2900.000000, 98.276, 137.2272
2950.000000, 97.863, 139.9973
3000.000000, 97.456, 143.7205
3040.000000, 97.166, 147.0603
3070.000000, 96.962, 149.6395
3110.000000, 96.694, 153.1700
3150.000000, 96.429, 156.8418
3200.000000, 96.108, 161.5350
3250.000000, 95.773, 166.2457
3300.000000, 95.400, 171.0918
3350.000000, 94.994, 176.2417
3400.000000, 94.563, -178.2936
3450.000000, 94.102, -172.4767
3500.000000, 93.609, -166.1331
3550.000000, 93.097, -159.0457
3600.000000, 92.593, -151.0635
3650.000000, 92.138, -142.0079
3700.000000, 91.809, -131.7681
3750.000000, 91.711, -120.6407
3820.000000, 92.050, -105.3132
3870.000000, 92.549, -95.7535
3950.000000, 93.472, -83.7445
4000.000000, 93.962, -77.9409
4060.000000, 94.366, -71.8124
4120.000000, 94.564, -65.5889
4180.000000, 94.662, -58.3106
4250.000000, 94.894, -48.6096
4310.000000, 95.243, -40.5170
4370.000000, 95.605, -33.2224
4440.000000, 95.955, -24.8997
4500.000000, 96.270, -17.4021
4550.000000, 96.598, -11.1414
4620.000000, 97.129, -2.9346
4680.000000, 97.598, 3.5256
4750.000000, 98.131, 10.4598
4820.000000, 98.602, 16.8700
4870.000000, 98.891, 21.3468
4940.000000, 99.252, 27.7698
5000.000000, 99.557, 33.5216
5080.000000, 100.014, 41.3487
5150.000000, 100.467, 48.0099
5220.000000, 100.948, 54.4536
5300.000000, 101.539, 61.6428
5380.000000, 102.221, 68.5440
5450.000000, 102.918, 74.0266
5520.000000, 103.707, 78.6090
5600.000000, 104.675, 82.1904
5700.000000, 105.799, 83.4797
5800.000000, 106.521, 81.2471
5900.000000, 106.519, 77.0217
6000.000000, 105.687, 73.7018
6080.000000, 104.565, 73.4908
6150.000000, 103.427, 75.6357
6220.000000, 102.288, 79.7650
6300.000000, 101.096, 86.1935
6400.000000, 99.794, 95.6848
6500.000000, 98.647, 106.1096
6600.000000, 97.611, 117.2289
6700.000000, 96.661, 128.8760
6800.000000, 95.774, 140.8923
6900.000000, 94.906, 153.4019
7000.000000, 94.035, 166.9712
7100.000000, 93.214, -177.6699
7200.000000, 92.587, -160.1182
7300.000000, 92.363, -140.7463
7400.000000, 92.712, -120.9236
7500.000000, 93.636, -102.6750
7620.000000, 95.284, -84.9436
7750.000000, 97.289, -72.0145
7880.000000, 98.938, -65.5729
8000.000000, 99.797, -63.6436
8120.000000, 99.877, -63.0374
8250.000000, 99.140, -60.9240
8380.000000, 97.847, -54.7424
8500.000000, 96.611, -44.6171
8620.000000, 95.796, -31.9318
8750.000000, 95.445, -19.2019
8850.000000, 95.330, -11.2401
9000.000000, 95.174, -2.7720
9120.000000, 94.766, 0.3794
9250.000000, 93.572, 1.7860
9380.000000, 91.526, 4.4551
9500.000000, 89.154, 9.0874
9620.000000, 86.536, 14.4486
9750.000000, 83.530, 17.8618
9880.000000, 80.708, 11.1317
10000.000000, 79.450, -15.3999
10150.000000, 81.129, -48.9663
10300.000000, 84.155, -56.0895
10440.000000, 86.766, -51.9188
10600.000000, 89.561, -41.9935
10750.000000, 92.403, -31.7341
10900.000000, 95.282, -25.5239
11060.000000, 97.682, -25.4026
11200.000000, 98.687, -28.8497
11380.000000, 98.349, -31.8528
11500.000000, 97.396, -29.8916
11720.000000, 95.278, -15.3391
11800.000000, 94.708, -7.0731
12060.000000, 94.380, 22.7693
12200.000000, 94.951, 36.5989
12410.000000, 96.135, 51.9858
12500.000000, 96.631, 56.4735
12650.000000, 97.253, 61.2694
12800.000000, 97.442, 63.5011
13150.000000, 95.980, 65.6853
13200.000000, 95.588, 66.0050
13400.000000, 93.654, 67.5864
13600.000000, 91.261, 68.8116
13800.000000, 88.205, 68.9672
14000.000000, 84.110, 71.4945
14300.000000, 78.287, 86.5466
14500.000000, 78.591, 88.1715
14750.000000, 80.407, 77.2588
15000.000000, 80.731, 72.1133
15250.000000, 80.618, 78.3751
15500.000000, 80.154, 87.8940
15750.000000, 77.978, 102.7488
16000.000000, 74.997, 148.3766
16250.000000, 77.711, -138.2964
16500.000000, 82.563, -108.7235
16750.000000, 85.705, -98.2295
17000.000000, 86.693, -93.0393
17250.000000, 85.844, -84.8043
17500.000000, 83.843, -69.4121
17750.000000, 81.170, -43.1071
18000.000000, 79.128, -2.0383
18250.000000, 79.478, 44.6536
18500.000000, 81.620, 82.1218
18750.000000, 83.918, 108.2885
19000.000000, 85.476, 126.7488
19250.000000, 85.968, 142.2827
19500.000000, 85.510, 158.7546
19750.000000, 84.399, 178.5074
20000.000000, 83.019, -157.1136
20300.000000, 81.773, -124.4965
20600.000000, 80.996, -93.6626
20900.000000, 79.907, -64.1147
21200.000000, 78.389, -32.8206
21400.000000, 77.244, -10.4929
21800.000000, 74.718, 38.5745
22000.000000, 73.479, 66.3816
22400.000000, 71.856, 126.6084
22700.000000, 71.609, 173.3955
23000.000000, 71.848, -141.7620
23300.000000, 71.154, -99.8794
23600.000000, 68.479, -73.3384
24000.000000, 64.035, -49.0994
